O	D	Flow
17	34	81
17	46	92
17	16	603
17	21	370
17	49	410
17	39	76
17	35	42
17	10	1918
17	18	3824
17	9	15
17	28	409
17	47	570
17	31	54
17	26	276
17	41	397
17	6	431
17	38	3
17	37	233
17	8	86
17	7	696
17	48	109
17	1	1347
17	20	559
17	11	12
17	27	96
17	33	72
17	36	52
17	13	505
17	25	548
17	2	1066
17	45	65
17	42	486
17	3	274
17	44	246
17	19	147
17	32	511
17	14	37
17	23	1980
17	15	1784
17	22	70
17	29	13
17	4	603
17	12	246
17	5	206
17	43	119
34	17	184
34	46	213
34	16	5312
34	21	1463
34	49	98
34	39	77
34	35	4
34	10	952
34	18	272
34	9	737
34	28	817
34	47	591
34	31	334
34	26	419
34	41	314
34	6	263
34	38	101
34	37	487
34	8	212
34	7	487
34	48	401
34	1	37
34	20	510
34	30	278
34	11	307
34	27	1198
34	33	32
34	36	198
34	13	1467
34	25	639
34	2	470
34	45	121
34	42	600
34	3	686
34	44	754
34	19	389
34	40	69
34	32	215
34	14	56
34	23	568
34	15	3318
34	22	1608
34	29	7
34	4	881
34	12	1483
34	5	145
34	43	362
34	24	118
46	17	127
46	34	622
46	16	1211
46	21	842
46	49	4
46	35	36
46	10	756
46	18	588
46	9	200
46	28	705
46	47	298
46	31	201
46	26	442
46	41	232
46	6	659
46	37	108
46	8	125
46	7	186
46	48	203
46	1	1311
46	20	1983
46	30	45
46	11	95
46	27	245
46	33	89
46	13	99
46	25	259
46	2	520
46	45	1
46	42	318
46	3	2625
46	44	156
46	19	273
46	32	189
46	14	19
46	23	2003
46	15	3715
46	22	31
46	29	15
46	4	206
46	12	242
46	5	109
46	43	124
46	24	102
16	17	119
16	34	1257
16	46	129
16	21	568
16	49	135
16	39	15
16	35	79
16	10	595
16	18	454
16	9	270
16	28	343
16	47	155
16	31	94
16	26	181
16	41	79
16	6	67
16	38	35
16	37	177
16	8	321
16	7	180
16	48	117
16	1	63
16	20	201
16	30	66
16	11	114
16	27	1065
16	33	32
16	36	164
16	13	226
16	25	614
16	2	349
16	45	36
16	42	208
16	3	248
16	44	859
16	19	266
16	40	54
16	32	141
16	14	64
16	23	202
16	15	1641
16	22	418
16	29	21
16	4	459
16	12	1143
16	5	4
16	43	116
16	24	42
21	17	235
21	34	1552
21	46	494
21	16	3328
21	49	359
21	39	35
21	35	100
21	10	2039
21	18	776
21	9	264
21	28	930
21	47	574
21	31	533
21	26	838
21	41	222
21	6	99
21	38	107
21	37	254
21	8	419
21	7	318
21	48	480
21	1	114
21	20	545
21	30	389
21	11	474
21	27	454
21	33	103
21	36	103
21	13	647
21	25	603
21	2	590
21	45	92
21	42	354
21	3	868
21	44	585
21	19	640
21	32	288
21	14	198
21	23	342
21	15	3912
21	22	1382
21	29	158
21	4	734
21	12	985
21	5	151
21	43	554
21	24	918
49	17	36
49	34	396
49	46	42
49	16	1370
49	21	375
49	39	226
49	35	80
49	10	2806
49	18	934
49	9	132
49	28	263
49	47	111
49	31	295
49	41	53
49	6	9
49	38	389
49	37	808
49	8	3104
49	7	180
49	48	237
49	1	206
49	20	223
49	30	10
49	11	80
49	27	107
49	33	590
49	36	1213
49	13	11
49	25	3498
49	2	1304
49	45	23
49	42	325
49	44	219
49	19	1271
49	40	852
49	32	824
49	14	3
49	23	132
49	15	640
49	22	32
49	29	378
49	4	1489
49	12	316
49	43	159
39	17	235
39	34	145
39	16	503
39	21	281
39	49	454
39	35	634
39	10	3287
39	18	740
39	28	832
39	47	96
39	31	94
39	41	152
39	6	193
39	38	54
39	37	4374
39	8	72
39	7	364
39	1	98
39	20	91
39	11	87
39	36	2993
39	13	54
39	25	992
39	2	2100
39	42	664
39	3	47
39	19	6452
39	40	68
39	32	1117
39	23	391
39	15	2107
39	22	555
39	4	1373
39	12	123
39	5	222
39	43	73
35	17	163
35	34	1470
35	16	3223
35	21	1746
35	49	394
35	39	135
35	10	2551
35	18	1075
35	28	2050
35	47	295
35	31	508
35	26	122
35	41	292
35	6	272
35	37	35010
35	8	2851
35	7	92
35	48	228
35	1	72
35	20	655
35	11	114
35	27	275
35	36	1420
35	13	604
35	25	5903
35	2	2732
35	42	360
35	3	143
35	44	467
35	19	3557
35	40	176
35	32	545
35	23	1026
35	15	2144
35	22	419
35	29	251
35	4	13267
35	12	408
35	5	376
10	17	838
10	34	261
10	46	173
10	16	995
10	21	375
10	49	333
10	39	48
10	35	120
10	18	2290
10	9	113
10	28	927
10	47	415
10	31	74
10	26	201
10	41	405
10	6	484
10	38	94
10	37	591
10	8	727
10	7	653
10	48	165
10	1	286
10	20	360
10	30	120
10	11	215
10	27	288
10	33	97
10	36	739
10	13	101
10	25	1638
10	2	1297
10	45	51
10	42	723
10	3	217
10	44	180
10	19	815
10	40	110
10	32	628
10	14	52
10	23	754
10	15	2024
10	22	137
10	29	42
10	4	972
10	12	359
10	5	245
10	43	238
10	24	45
18	17	2150
18	34	625
18	46	112
18	16	1113
18	21	463
18	49	228
18	39	82
18	35	92
18	10	3483
18	9	34
18	28	658
18	47	282
18	31	167
18	26	305
18	41	497
18	6	514
18	38	71
18	37	585
18	8	201
18	7	294
18	48	236
18	1	533
18	20	361
18	30	61
18	11	105
18	27	145
18	33	37
18	36	510
18	13	138
18	25	841
18	2	1494
18	45	40
18	42	491
18	3	348
18	44	37
18	19	560
18	40	73
18	32	1819
18	14	2
18	23	1570
18	15	1996
18	22	153
18	29	11
18	4	1100
18	12	519
18	5	143
18	43	144
18	24	40
9	17	682
9	34	1742
9	46	317
9	16	4740
9	21	920
9	10	367
9	18	320
9	28	458
9	47	755
9	31	199
9	26	246
9	41	82
9	6	683
9	37	647
9	8	94
9	7	159
9	48	26
9	20	197
9	30	1028
9	11	112
9	27	1941
9	36	217
9	13	127
9	25	386
9	2	75
9	45	163
9	42	612
9	3	120
9	44	3686
9	19	479
9	40	55
9	32	312
9	14	100
9	23	564
9	15	1466
9	22	5038
9	29	16
9	4	779
9	12	5174
9	5	337
9	43	415
9	24	790
28	17	247
28	34	1021
28	46	292
28	16	1278
28	21	442
28	49	117
28	39	56
28	35	106
28	10	1439
28	18	745
28	9	27
28	47	2194
28	31	933
28	26	205
28	41	354
28	6	107
28	38	32
28	37	212
28	8	492
28	7	882
28	48	431
28	1	321
28	20	1654
28	30	68
28	11	114
28	27	190
28	33	41
28	36	195
28	13	140
28	25	543
28	2	366
28	45	44
28	42	535
28	3	180
28	44	117
28	19	290
28	40	4
28	32	194
28	14	76
28	23	346
28	15	1803
28	22	105
28	29	24
28	4	498
28	12	303
28	5	46
28	43	1646
28	24	13
47	17	607
47	34	769
47	46	159
47	16	987
47	21	866
47	49	89
47	39	9
47	10	2250
47	18	1086
47	9	17
47	28	3030
47	31	345
47	26	409
47	41	1658
47	6	183
47	37	195
47	8	278
47	7	1009
47	48	185
47	1	79
47	20	455
47	30	46
47	11	30
47	27	144
47	33	49
47	36	83
47	13	220
47	25	395
47	2	450
47	45	27
47	42	1572
47	3	120
47	44	46
47	19	272
47	32	250
47	23	959
47	15	1403
47	22	80
47	29	8
47	4	374
47	12	271
47	5	178
47	43	379
47	24	25
31	17	150
31	34	1055
31	46	95
31	16	1172
31	21	934
31	35	10
31	10	658
31	18	386
31	9	112
31	28	3641
31	47	319
31	26	714
31	41	266
31	6	58
31	38	19
31	37	86
31	7	234
31	48	1880
31	1	37
31	20	1797
31	30	11
31	11	2320
31	27	160
31	36	41
31	13	212
31	25	277
31	2	479
31	45	168
31	42	243
31	3	776
31	44	159
31	19	114
31	32	106
31	14	832
31	23	297
31	15	778
31	22	315
31	29	65
31	4	327
31	12	522
31	43	864
31	24	30
26	17	159
26	34	861
26	46	971
26	16	1673
26	21	1376
26	49	268
26	39	16
26	35	33
26	10	1056
26	18	515
26	9	205
26	28	812
26	47	248
26	31	808
26	41	582
26	6	360
26	37	496
26	8	73
26	7	293
26	48	326
26	1	231
26	20	6562
26	11	1673
26	27	121
26	33	23
26	36	21
26	13	81
26	25	234
26	2	1043
26	45	39
26	42	532
26	3	1992
26	44	406
26	19	470
26	32	90
26	14	134
26	23	530
26	15	3751
26	22	283
26	4	779
26	12	252
26	43	523
26	24	153
41	17	405
41	34	190
41	46	387
41	16	459
41	21	113
41	49	108
41	35	26
41	10	1540
41	18	1645
41	9	17
41	28	878
41	47	1961
41	31	257
41	26	177
41	6	170
41	37	367
41	8	100
41	7	495
41	48	129
41	1	188
41	20	772
41	30	39
41	11	57
41	27	147
41	36	13
41	13	28
41	25	416
41	2	1331
41	45	75
41	42	2412
41	3	329
41	44	446
41	19	522
41	40	30
41	32	508
41	14	6
41	23	2270
41	15	930
41	22	104
41	29	8
41	4	519
41	12	182
41	5	667
41	43	80
6	17	918
6	34	383
6	46	1079
6	16	697
6	21	264
6	49	25
6	39	19
6	10	1070
6	18	823
6	9	44
6	28	387
6	47	218
6	31	254
6	26	355
6	41	162
6	38	114
6	37	139
6	8	14
6	7	261
6	1	1572
6	20	335
6	30	31
6	11	25
6	27	63
6	33	12
6	36	38
6	13	9
6	25	335
6	2	420
6	45	18
6	42	197
6	3	368
6	44	282
6	19	189
6	40	14
6	32	467
6	14	3
6	23	989
6	15	5817
6	22	13
6	29	84
6	4	458
6	12	213
6	43	113
6	24	71
38	17	534
38	34	607
38	46	319
38	16	915
38	21	481
38	49	176
38	39	54
38	35	293
38	10	3566
38	18	205
38	9	269
38	28	314
38	47	155
38	31	234
38	26	3
38	41	110
38	6	219
38	37	924
38	8	3184
38	7	28
38	48	26
38	1	95
38	20	383
38	30	15
38	33	1349
38	36	442
38	13	47
38	25	1172
38	2	1007
38	42	324
38	3	30
38	44	222
38	19	751
38	40	301
38	32	364
38	14	176
38	23	607
38	15	563
38	22	117
38	29	750
38	4	2177
38	12	345
38	5	40
38	43	17
37	17	467
37	34	218
37	46	112
37	16	2056
37	21	336
37	49	483
37	39	789
37	35	1720
37	10	1174
37	18	1464
37	9	54
37	28	291
37	47	133
37	31	33
37	26	137
37	41	219
37	6	202
37	38	41
37	8	515
37	7	287
37	48	129
37	1	74
37	20	171
37	30	31
37	11	61
37	27	56
37	33	77
37	36	533
37	13	115
37	25	1206
37	2	1653
37	45	50
37	42	565
37	3	306
37	44	32
37	19	3252
37	40	130
37	32	292
37	23	328
37	15	1554
37	22	91
37	29	21
37	4	4530
37	12	419
37	5	711
37	43	115
8	17	15
8	34	268
8	46	34
8	16	1548
8	21	387
8	49	1239
8	39	275
8	35	165
8	10	1967
8	18	689
8	9	27
8	28	535
8	47	69
8	31	29
8	26	107
8	41	199
8	6	43
8	38	535
8	37	501
8	7	215
8	48	38
8	1	48
8	20	109
8	30	36
8	11	47
8	27	29
8	33	2281
8	36	606
8	13	125
8	25	2625
8	2	863
8	42	511
8	3	79
8	44	201
8	19	810
8	40	1057
8	32	290
8	14	7
8	23	130
8	15	633
8	22	185
8	29	295
8	4	764
8	12	268
8	5	18
8	43	42
8	24	18
7	17	401
7	34	1105
7	46	192
7	16	1087
7	21	575
7	49	62
7	39	26
7	35	26
7	10	1968
7	18	928
7	9	33
7	28	1184
7	47	1253
7	31	121
7	26	276
7	41	481
7	6	139
7	37	427
7	8	356
7	48	189
7	1	226
7	20	233
7	30	30
7	11	148
7	27	254
7	33	21
7	36	80
7	13	69
7	25	755
7	2	962
7	45	64
7	42	1544
7	3	90
7	44	164
7	19	448
7	40	18
7	32	339
7	14	51
7	23	707
7	15	1259
7	22	91
7	29	10
7	4	731
7	12	488
7	5	211
7	43	552
7	24	164
48	17	116
48	34	1160
48	46	212
48	16	1341
48	21	846
48	49	2
48	35	36
48	10	946
48	18	381
48	9	73
48	28	896
48	47	163
48	31	1031
48	26	334
48	41	146
48	6	59
48	38	49
48	37	170
48	8	254
48	7	233
48	1	45
48	20	334
48	30	78
48	11	330
48	27	350
48	36	135
48	13	97
48	25	361
48	2	205
48	45	2554
48	42	520
48	3	105
48	44	265
48	19	189
48	40	31
48	32	119
48	14	1025
48	23	167
48	15	1332
48	22	228
48	29	9
48	4	193
48	12	380
48	5	15
48	43	3189
48	24	67
1	17	2673
1	34	130
1	46	1029
1	16	846
1	21	318
1	49	87
1	10	1580
1	18	1651
1	9	9
1	28	306
1	47	100
1	31	214
1	26	215
1	41	365
1	6	3491
1	38	6
1	37	493
1	8	55
1	7	502
1	48	90
1	20	544
1	30	132
1	11	140
1	27	190
1	33	62
1	36	99
1	13	146
1	25	69
1	2	1004
1	45	38
1	42	295
1	3	446
1	44	31
1	19	430
1	40	83
1	32	272
1	14	33
1	23	2940
1	15	2130
1	22	64
1	4	514
1	12	454
1	5	300
1	43	265
20	17	178
20	34	601
20	46	1276
20	16	1442
20	21	681
20	49	32
20	35	17
20	10	1136
20	18	480
20	9	46
20	28	1730
20	47	396
20	31	431
20	26	4053
20	41	429
20	6	162
20	38	19
20	37	400
20	8	268
20	7	406
20	48	164
20	1	205
20	30	44
20	11	495
20	27	198
20	33	21
20	36	52
20	13	323
20	25	371
20	2	657
20	45	10
20	42	424
20	3	918
20	44	66
20	19	186
20	32	280
20	14	35
20	23	541
20	15	2158
20	22	187
20	29	25
20	4	232
20	12	648
20	5	72
20	43	233
20	24	280
30	17	460
30	34	1159
30	16	2121
30	21	1295
30	49	75
30	35	66
30	10	835
30	18	655
30	9	1729
30	28	100
30	47	26
30	31	314
30	26	235
30	41	241
30	6	92
30	8	290
30	7	92
30	48	667
30	20	305
30	11	230
30	27	348
30	33	456
30	13	770
30	25	897
30	2	50
30	45	1704
30	42	241
30	3	139
30	44	2183
30	19	90
30	40	65
30	32	185
30	14	1772
30	15	1358
30	22	1697
30	4	528
30	12	3078
30	43	177
30	24	1674
11	34	1762
11	46	108
11	16	1311
11	21	2250
11	39	32
11	35	31
11	10	683
11	18	270
11	9	96
11	28	95
11	47	327
11	31	4033
11	26	1586
11	41	89
11	6	53
11	37	30
11	7	285
11	48	812
11	20	1031
11	30	16
11	27	148
11	36	74
11	13	510
11	25	172
11	2	124
11	45	54
11	42	262
11	3	238
11	44	333
11	19	129
11	40	7
11	32	194
11	14	1094
11	23	547
11	15	1833
11	22	643
11	29	31
11	4	1012
11	12	194
11	5	92
11	43	171
11	24	1017
27	17	209
27	34	3206
27	46	769
27	16	11964
27	21	1968
27	49	56
27	35	54
27	10	1251
27	18	722
27	9	1050
27	28	919
27	47	104
27	31	485
27	26	733
27	41	96
27	6	321
27	37	76
27	8	153
27	7	584
27	48	358
27	1	193
27	20	684
27	30	412
27	11	143
27	36	110
27	13	1211
27	25	1160
27	2	798
27	45	76
27	42	556
27	3	504
27	44	1503
27	19	888
27	40	31
27	32	236
27	14	36
27	23	183
27	15	2261
27	22	1950
27	29	11
27	4	557
27	12	1510
27	5	38
27	43	361
27	24	86
33	17	75
33	34	846
33	46	125
33	16	1379
33	21	438
33	49	2226
33	39	207
33	35	54
33	10	4473
33	18	127
33	28	227
33	47	1183
33	26	132
33	41	628
33	38	2578
33	37	470
33	8	8182
33	7	253
33	48	56
33	30	26
33	11	309
33	27	579
33	36	362
33	25	1735
33	2	1325
33	42	625
33	3	21
33	19	388
33	40	808
33	32	941
33	23	319
33	15	625
33	22	156
33	29	2907
33	4	1404
33	12	259
33	43	71
36	17	75
36	34	237
36	46	35
36	16	697
36	21	175
36	49	274
36	39	437
36	35	140
36	10	1781
36	18	569
36	9	47
36	28	260
36	47	91
36	31	28
36	26	193
36	41	32
36	6	77
36	38	106
36	37	773
36	8	778
36	7	250
36	48	92
36	1	26
36	20	172
36	30	6
36	11	2
36	27	57
36	33	83
36	13	99
36	25	4162
36	2	1507
36	45	23
36	42	248
36	3	117
36	44	89
36	19	4318
36	40	151
36	32	536
36	14	6
36	23	186
36	15	660
36	22	43
36	29	63
36	4	1062
36	12	223
36	5	123
36	43	46
36	24	13
13	17	195
13	34	4217
13	46	278
13	16	3418
13	21	3893
13	49	58
13	39	26
13	10	811
13	18	187
13	9	252
13	28	488
13	47	172
13	31	68
13	26	554
13	41	132
13	6	155
13	38	47
13	37	369
13	8	166
13	7	61
13	48	309
13	1	26
13	20	249
13	30	228
13	11	144
13	27	747
13	36	174
13	25	604
13	2	693
13	45	163
13	42	333
13	3	1344
13	44	553
13	19	130
13	32	364
13	14	10
13	23	427
13	15	7400
13	22	462
13	29	71
13	4	368
13	12	815
13	43	318
13	24	96
25	17	126
25	34	246
25	46	92
25	16	1344
25	21	205
25	49	995
25	39	172
25	35	187
25	10	2756
25	18	647
25	9	13
25	28	477
25	47	178
25	31	49
25	26	46
25	41	236
25	6	62
25	38	100
25	37	613
25	8	1155
25	7	236
25	48	117
25	1	21
25	20	131
25	30	19
25	11	26
25	27	84
25	33	122
25	36	2149
25	13	15
25	2	1075
25	45	3
25	42	538
25	3	107
25	44	50
25	19	1644
25	40	156
25	32	554
25	14	30
25	23	276
25	15	668
25	22	91
25	29	137
25	4	952
25	12	277
25	5	57
25	43	113
25	24	4
2	17	746
2	34	417
2	46	130
2	16	1128
2	21	476
2	49	148
2	39	33
2	35	133
2	10	2624
2	18	1498
2	9	96
2	28	462
2	47	123
2	31	79
2	26	154
2	41	434
2	6	142
2	38	28
2	37	855
2	8	346
2	7	314
2	48	296
2	1	123
2	20	288
2	30	59
2	11	9
2	27	251
2	33	79
2	36	365
2	13	53
2	25	1203
2	45	31
2	42	605
2	3	218
2	44	325
2	19	858
2	40	68
2	32	2555
2	14	59
2	23	870
2	15	1726
2	22	24
2	29	18
2	4	2309
2	12	328
2	5	272
2	43	223
2	24	15
45	17	57
45	34	1539
45	16	1098
45	21	336
45	10	850
45	18	529
45	9	336
45	28	832
45	31	2235
45	26	626
45	6	281
45	8	226
45	7	457
45	48	10611
45	1	114
45	20	348
45	30	1557
45	11	1010
45	27	944
45	36	78
45	13	287
45	2	173
45	42	343
45	3	403
45	19	376
45	32	81
45	14	2457
45	15	1243
45	4	315
45	12	723
45	5	392
45	43	453
45	24	280
42	17	282
42	34	418
42	46	97
42	16	663
42	21	200
42	49	126
42	39	74
42	35	32
42	10	1849
42	18	976
42	9	50
42	28	599
42	47	1193
42	31	72
42	26	175
42	41	1167
42	6	150
42	38	29
42	37	304
42	8	280
42	7	1022
42	48	120
42	1	122
42	20	337
42	30	23
42	11	16
42	27	47
42	33	46
42	36	183
42	13	84
42	25	504
42	2	1014
42	45	27
42	3	136
42	44	105
42	19	1063
42	40	51
42	32	607
42	14	103
42	23	643
42	15	1031
42	22	46
42	29	28
42	4	595
42	12	181
42	5	602
42	43	226
42	24	19
3	17	350
3	34	423
3	46	2004
3	16	735
3	21	1118
3	49	33
3	35	15
3	10	649
3	18	627
3	9	115
3	28	479
3	47	167
3	31	338
3	26	1855
3	41	801
3	6	563
3	38	6
3	37	226
3	8	102
3	7	218
3	48	321
3	1	243
3	20	1139
3	30	37
3	11	60
3	27	93
3	36	73
3	13	313
3	25	472
3	2	430
3	42	101
3	44	627
3	19	207
3	32	232
3	14	137
3	23	489
3	15	6857
3	22	177
3	29	10
3	4	223
3	12	404
3	5	30
3	43	61
3	24	49
44	17	32
44	34	1408
44	46	207
44	16	5542
44	21	689
44	49	41
44	39	14
44	35	74
44	10	747
44	18	857
44	9	835
44	28	118
44	47	18
44	31	41
44	26	128
44	41	102
44	6	74
44	38	72
44	37	84
44	8	173
44	7	425
44	48	283
44	20	238
44	30	459
44	11	35
44	27	851
44	33	64
44	36	51
44	13	263
44	25	210
44	2	450
44	45	31
44	42	257
44	3	542
44	19	469
44	40	14
44	32	160
44	14	144
44	23	177
44	15	1140
44	22	797
44	4	186
44	12	6954
44	43	179
44	24	21
19	17	79
19	34	341
19	46	18
19	16	638
19	21	205
19	49	220
19	39	713
19	35	134
19	10	1705
19	18	455
19	9	13
19	28	343
19	47	187
19	31	50
19	26	13
19	41	266
19	6	175
19	38	50
19	37	1102
19	8	414
19	7	165
19	48	87
19	1	44
19	20	192
19	30	15
19	11	18
19	27	84
19	33	63
19	36	1569
19	13	35
19	25	1727
19	2	847
19	45	15
19	42	862
19	3	92
19	44	115
19	40	77
19	32	551
19	14	23
19	23	165
19	15	774
19	22	47
19	29	67
19	4	827
19	12	87
19	5	242
19	43	76
19	24	7
40	17	425
40	34	267
40	16	1199
40	21	426
40	49	2014
40	39	40
40	35	64
40	10	3293
40	18	233
40	9	61
40	28	680
40	47	131
40	26	629
40	6	140
40	38	414
40	37	641
40	8	5992
40	7	167
40	1	180
40	20	179
40	30	64
40	27	160
40	33	1191
40	36	506
40	25	2485
40	2	1629
40	42	318
40	3	139
40	44	52
40	19	1334
40	32	402
40	23	123
40	15	1314
40	22	100
40	29	213
40	4	1179
40	12	432
40	43	705
40	24	101
32	17	527
32	34	197
32	46	171
32	16	1125
32	21	413
32	49	184
32	39	95
32	35	74
32	10	2105
32	18	2850
32	9	2
32	28	463
32	47	297
32	31	97
32	26	91
32	41	760
32	6	200
32	38	41
32	37	714
32	8	122
32	7	365
32	48	153
32	1	111
32	20	152
32	30	28
32	11	177
32	36	286
32	13	144
32	25	835
32	2	4826
32	45	4
32	42	749
32	3	148
32	44	24
32	19	624
32	40	131
32	14	2
32	23	745
32	15	2019
32	22	25
32	29	8
32	4	2150
32	12	284
32	5	262
32	43	91
32	24	21
14	34	1459
14	46	189
14	16	1123
14	21	1237
14	39	72
14	35	71
14	10	1118
14	18	247
14	9	322
14	28	371
14	47	371
14	31	4364
14	26	1059
14	6	420
14	7	191
14	48	4004
14	1	144
14	20	1617
14	30	421
14	11	1459
14	27	423
14	33	396
14	25	268
14	2	415
14	45	1497
14	42	969
14	3	406
14	19	781
14	40	15
14	32	224
14	15	1666
14	22	86
14	29	46
14	12	630
14	5	187
14	43	552
14	24	2229
23	17	1250
23	34	33
23	46	1206
23	16	1103
23	21	276
23	49	80
23	39	36
23	35	14
23	10	1876
23	18	2117
23	9	16
23	28	778
23	47	465
23	31	50
23	26	440
23	41	2255
23	6	719
23	38	171
23	37	457
23	8	145
23	7	416
23	48	154
23	1	1563
23	20	513
23	30	65
23	11	49
23	27	45
23	33	20
23	36	77
23	13	8
23	25	430
23	2	1224
23	45	15
23	42	1262
23	3	171
23	44	163
23	19	317
23	40	123
23	32	523
23	14	11
23	15	1648
23	22	209
23	29	19
23	4	1715
23	12	187
23	5	68
23	43	219
23	24	119
15	17	345
15	34	486
15	46	556
15	16	1390
15	21	761
15	49	51
15	39	16
15	35	32
15	10	779
15	18	648
15	9	69
15	28	464
15	47	273
15	31	116
15	26	337
15	41	271
15	6	984
15	38	12
15	37	263
15	8	88
15	7	243
15	48	191
15	1	199
15	20	394
15	30	35
15	11	161
15	27	197
15	33	32
15	36	133
15	13	388
15	25	406
15	2	541
15	45	50
15	42	212
15	3	1285
15	44	223
15	19	248
15	40	12
15	32	176
15	14	30
15	23	294
15	22	188
15	29	16
15	4	505
15	12	423
15	5	50
15	43	124
15	24	53
22	17	137
22	34	2881
22	46	179
22	16	4828
22	21	1894
22	49	153
22	39	178
22	35	27
22	10	904
22	18	174
22	9	1657
22	28	245
22	47	540
22	31	180
22	26	141
22	41	252
22	6	153
22	38	64
22	37	257
22	8	229
22	7	220
22	48	184
22	20	440
22	30	367
22	11	99
22	27	1920
22	33	75
22	36	46
22	13	976
22	25	179
22	2	70
22	45	100
22	42	418
22	3	511
22	44	806
22	19	855
22	32	59
22	14	371
22	23	290
22	15	1598
22	29	74
22	4	1162
22	12	1338
22	5	171
22	43	205
22	24	1380
29	34	97
29	16	1671
29	21	517
29	49	1648
29	35	257
29	10	2112
29	18	417
29	28	591
29	47	1084
29	31	27
29	41	175
29	6	108
29	38	1530
29	37	1420
29	8	2257
29	7	394
29	48	508
29	20	260
29	11	423
29	33	3369
29	36	103
29	13	265
29	25	7041
29	2	3499
29	42	803
29	3	370
29	44	484
29	19	931
29	40	832
29	32	905
29	14	263
29	23	174
29	15	774
29	4	1489
29	12	178
29	5	468
29	43	285
4	17	725
4	34	563
4	46	23
4	16	1802
4	21	519
4	49	308
4	39	400
4	35	696
4	10	2442
4	18	1593
4	9	138
4	28	679
4	47	254
4	31	66
4	26	144
4	41	536
4	6	213
4	38	108
4	37	2748
4	8	608
4	7	255
4	48	211
4	1	104
4	20	586
4	30	19
4	11	117
4	27	238
4	33	154
4	36	421
4	13	149
4	25	1109
4	2	3463
4	45	10
4	42	975
4	3	293
4	44	138
4	19	1446
4	40	355
4	32	1001
4	14	37
4	23	985
4	15	2146
4	22	130
4	29	31
4	12	490
4	5	786
4	43	213
4	24	45
12	17	146
12	34	1653
12	46	77
12	16	4954
12	21	641
12	49	172
12	39	2
12	35	28
12	10	1237
12	18	464
12	9	1765
12	28	394
12	47	149
12	31	272
12	26	84
12	41	145
12	6	133
12	38	32
12	37	251
12	8	329
12	7	503
12	48	412
12	1	76
12	20	347
12	30	697
12	11	338
12	27	475
12	33	21
12	36	157
12	13	148
12	25	320
12	2	296
12	45	57
12	42	240
12	3	294
12	44	3493
12	19	221
12	40	48
12	32	273
12	14	132
12	23	337
12	15	1482
12	22	862
12	29	24
12	4	606
12	5	5
12	43	243
12	24	262
5	17	115
5	34	421
5	46	15
5	16	450
5	21	252
5	39	25
5	35	111
5	10	2325
5	18	382
5	28	390
5	47	593
5	41	2445
5	6	174
5	38	172
5	37	2602
5	8	102
5	7	118
5	48	57
5	1	29
5	20	522
5	30	24
5	27	10
5	36	368
5	13	55
5	25	536
5	2	2836
5	45	76
5	42	3062
5	3	62
5	44	485
5	19	2197
5	32	332
5	23	289
5	15	488
5	22	51
5	4	2540
5	12	494
5	43	105
43	17	180
43	34	666
43	46	80
43	16	1222
43	21	524
43	49	13
43	35	60
43	10	1092
43	18	169
43	9	139
43	28	2181
43	47	510
43	31	627
43	26	41
43	41	153
43	6	95
43	38	29
43	37	220
43	8	143
43	7	1034
43	48	3020
43	1	262
43	20	900
43	30	128
43	11	159
43	27	170
43	33	17
43	36	20
43	13	46
43	25	332
43	2	528
43	45	64
43	42	203
43	3	69
43	44	135
43	19	395
43	40	7
43	32	149
43	14	118
43	23	231
43	15	512
43	22	115
43	29	30
43	4	258
43	12	266
43	5	7
43	24	50
24	17	457
24	34	2232
24	46	203
24	16	1973
24	21	9973
24	49	363
24	35	95
24	10	749
24	18	1766
24	9	2274
24	28	426
24	47	1009
24	31	1263
24	26	747
24	6	122
24	38	168
24	8	113
24	7	1172
24	48	772
24	20	116
24	30	1567
24	11	4047
24	27	834
24	36	138
24	13	100
24	25	549
24	2	756
24	45	1020
24	42	240
24	3	1498
24	44	2465
24	19	267
24	32	933
24	14	1179
24	23	800
24	15	2425
24	22	2297
24	29	425
24	4	2035
24	12	2687
24	43	393
