O	D	Flow
17	34	276
17	46	77
17	16	521
17	21	645
17	49	9
17	39	24
17	35	16
17	10	3862
17	18	2878
17	9	119
17	28	183
17	47	337
17	31	104
17	26	177
17	41	859
17	6	483
17	38	26
17	37	261
17	8	132
17	7	486
17	48	269
17	1	1067
17	20	276
17	30	6
17	11	50
17	27	158
17	36	161
17	13	163
17	25	283
17	2	898
17	45	17
17	42	769
17	3	213
17	44	77
17	19	399
17	40	4
17	32	345
17	23	2515
17	15	2075
17	22	26
17	29	3
17	4	522
17	12	312
17	5	99
17	43	67
17	24	53
34	17	146
34	46	255
34	16	5936
34	21	1615
34	49	483
34	39	28
34	35	137
34	10	987
34	18	1015
34	9	369
34	28	1089
34	47	421
34	31	242
34	26	472
34	41	168
34	6	308
34	38	35
34	37	115
34	8	300
34	7	1093
34	48	467
34	1	108
34	20	350
34	30	236
34	11	367
34	27	1334
34	33	67
34	36	202
34	13	974
34	25	632
34	2	532
34	45	239
34	42	751
34	3	453
34	44	1213
34	19	538
34	40	14
34	32	338
34	14	66
34	23	343
34	15	2884
34	22	1215
34	29	19
34	4	369
34	12	1275
34	5	12
34	43	496
34	24	307
46	17	223
46	34	411
46	16	1176
46	21	353
46	49	67
46	35	11
46	10	1124
46	18	352
46	9	98
46	28	537
46	47	191
46	31	152
46	26	730
46	41	175
46	6	1234
46	37	46
46	8	133
46	7	306
46	48	127
46	1	907
46	20	3195
46	30	21
46	11	122
46	27	119
46	36	19
46	13	138
46	25	83
46	2	291
46	42	299
46	3	1956
46	44	55
46	19	194
46	32	284
46	14	76
46	23	1119
46	15	4668
46	22	122
46	4	150
46	12	478
46	43	85
46	24	82
16	17	81
16	34	1182
16	46	92
16	21	583
16	49	83
16	39	58
16	35	131
16	10	537
16	18	373
16	9	270
16	28	393
16	47	158
16	31	86
16	26	142
16	41	89
16	6	135
16	38	42
16	37	226
16	8	336
16	7	213
16	48	213
16	1	115
16	20	282
16	30	143
16	11	90
16	27	1316
16	33	39
16	36	114
16	13	119
16	25	648
16	2	365
16	45	26
16	42	237
16	3	235
16	44	839
16	19	204
16	40	56
16	32	157
16	14	39
16	23	221
16	15	1652
16	22	402
16	29	29
16	4	389
16	12	1201
16	5	32
16	43	140
16	24	53
21	17	266
21	34	2655
21	46	116
21	16	2917
21	49	70
21	35	130
21	10	1688
21	18	907
21	9	228
21	28	584
21	47	235
21	31	626
21	26	721
21	41	137
21	6	275
21	38	60
21	37	206
21	8	188
21	7	455
21	48	686
21	1	153
21	20	731
21	30	411
21	11	389
21	27	1232
21	33	110
21	36	73
21	13	920
21	25	692
21	2	922
21	45	105
21	42	612
21	3	908
21	44	861
21	19	495
21	40	63
21	32	368
21	14	335
21	23	476
21	15	3199
21	22	1030
21	29	73
21	4	1030
21	12	1000
21	5	20
21	43	308
21	24	1078
49	17	79
49	34	116
49	46	51
49	16	1881
49	21	366
49	39	414
49	35	171
49	10	2496
49	18	508
49	9	12
49	28	265
49	47	228
49	31	31
49	26	58
49	41	68
49	6	45
49	38	408
49	37	245
49	8	2928
49	7	222
49	48	193
49	1	29
49	20	114
49	27	39
49	33	374
49	36	964
49	13	77
49	25	4060
49	2	1367
49	45	18
49	42	376
49	44	105
49	19	921
49	40	1160
49	32	442
49	23	260
49	15	770
49	22	39
49	29	452
49	4	758
49	12	807
49	5	39
49	43	182
39	17	45
39	34	268
39	16	517
39	21	76
39	49	24
39	35	85
39	10	1200
39	18	246
39	9	131
39	28	255
39	47	698
39	41	771
39	38	255
39	37	4479
39	8	552
39	7	124
39	20	255
39	27	407
39	36	2099
39	13	109
39	25	521
39	2	2382
39	42	1179
39	3	415
39	19	5260
39	32	761
39	23	192
39	15	197
39	4	2490
39	12	109
39	5	736
39	43	323
35	17	255
35	34	56
35	46	322
35	16	5038
35	21	768
35	49	453
35	39	17
35	10	1228
35	18	2129
35	9	182
35	28	1678
35	47	1645
35	31	237
35	26	718
35	41	400
35	6	938
35	38	50
35	37	33410
35	8	596
35	7	431
35	48	488
35	1	152
35	20	226
35	27	737
35	33	159
35	36	1322
35	13	39
35	25	6199
35	2	2836
35	45	110
35	42	1551
35	3	237
35	44	1096
35	19	4600
35	40	492
35	32	685
35	23	283
35	15	1872
35	29	182
35	4	17268
35	12	1217
35	5	463
35	43	23
10	17	582
10	34	287
10	46	138
10	16	1088
10	21	446
10	49	340
10	39	37
10	35	88
10	18	2221
10	9	104
10	28	657
10	47	594
10	31	224
10	26	161
10	41	478
10	6	338
10	38	151
10	37	497
10	8	667
10	7	681
10	48	122
10	1	242
10	20	433
10	30	97
10	11	70
10	27	175
10	33	142
10	36	551
10	13	243
10	25	1419
10	2	1366
10	45	49
10	42	848
10	3	259
10	44	86
10	19	758
10	40	142
10	32	598
10	14	50
10	23	810
10	15	1619
10	22	125
10	29	50
10	4	1014
10	12	485
10	5	99
10	43	255
10	24	37
18	17	2011
18	34	228
18	46	154
18	16	1089
18	21	589
18	49	171
18	39	18
18	35	108
18	10	4317
18	9	58
18	28	883
18	47	228
18	31	60
18	26	191
18	41	421
18	6	452
18	38	51
18	37	465
18	8	281
18	7	431
18	48	225
18	1	269
18	20	348
18	30	29
18	11	79
18	27	75
18	33	47
18	36	303
18	13	19
18	25	766
18	2	1699
18	45	9
18	42	813
18	3	260
18	44	104
18	19	438
18	40	16
18	32	1875
18	14	12
18	23	1617
18	15	2056
18	22	115
18	29	5
18	4	962
18	12	642
18	5	111
18	43	97
18	24	16
9	17	309
9	34	1839
9	16	3341
9	21	1667
9	49	60
9	39	20
9	35	28
9	10	794
9	18	586
9	28	867
9	47	116
9	31	181
9	26	285
9	41	31
9	6	166
9	38	89
9	37	268
9	8	117
9	7	151
9	48	360
9	1	367
9	20	373
9	30	2121
9	11	197
9	27	942
9	33	12
9	36	70
9	13	222
9	25	380
9	2	209
9	45	338
9	42	258
9	3	567
9	44	3192
9	19	225
9	32	124
9	14	48
9	23	493
9	15	1496
9	22	3215
9	4	408
9	12	6646
9	5	113
9	43	225
9	24	466
28	17	211
28	34	833
28	46	277
28	16	1649
28	21	494
28	49	70
28	39	44
28	35	61
28	10	1751
28	18	554
28	9	41
28	47	2207
28	31	929
28	26	132
28	41	345
28	6	95
28	38	15
28	37	281
28	8	224
28	7	779
28	48	457
28	1	209
28	20	1707
28	30	42
28	11	92
28	27	219
28	33	52
28	36	159
28	13	61
28	25	622
28	2	495
28	45	62
28	42	738
28	3	85
28	44	130
28	19	291
28	40	29
28	32	164
28	14	5
28	23	550
28	15	1527
28	22	123
28	29	17
28	4	550
28	12	333
28	5	17
28	43	1729
28	24	70
47	17	206
47	34	448
47	46	179
47	16	901
47	21	663
47	49	8
47	39	9
47	35	71
47	10	2111
47	18	913
47	9	43
47	28	2586
47	31	262
47	26	256
47	41	1866
47	6	207
47	37	185
47	8	103
47	7	1678
47	48	309
47	1	183
47	20	639
47	30	24
47	11	44
47	27	55
47	33	45
47	36	158
47	13	100
47	25	464
47	2	693
47	45	8
47	42	2070
47	3	227
47	44	211
47	19	244
47	32	581
47	14	32
47	23	855
47	15	1264
47	22	72
47	29	10
47	4	407
47	12	166
47	5	50
47	43	379
47	24	27
31	17	112
31	34	878
31	46	132
31	16	742
31	21	902
31	39	9
31	35	43
31	10	1256
31	18	548
31	9	29
31	28	2772
31	47	545
31	26	496
31	41	77
31	6	176
31	38	2
31	37	184
31	8	49
31	7	322
31	48	2347
31	1	52
31	20	1936
31	30	134
31	11	2215
31	27	232
31	33	17
31	36	116
31	13	124
31	25	310
31	2	251
31	45	148
31	42	337
31	3	353
31	44	271
31	19	40
31	32	209
31	14	793
31	23	200
31	15	1603
31	22	907
31	29	9
31	4	71
31	12	376
31	5	22
31	43	1352
31	24	84
26	17	299
26	34	865
26	46	358
26	16	966
26	21	1831
26	39	39
26	35	56
26	10	1962
26	18	518
26	9	21
26	28	696
26	47	562
26	31	318
26	41	208
26	6	145
26	38	96
26	37	598
26	8	195
26	7	279
26	48	320
26	1	138
26	20	7007
26	30	77
26	11	1075
26	27	416
26	33	35
26	36	147
26	13	232
26	25	498
26	2	552
26	45	55
26	42	404
26	3	2448
26	44	192
26	19	335
26	40	9
26	32	368
26	14	139
26	23	911
26	15	4401
26	22	137
26	4	396
26	12	881
26	5	13
26	43	402
26	24	186
41	17	568
41	34	302
41	46	298
41	16	857
41	21	569
41	49	28
41	35	25
41	10	1575
41	18	1407
41	9	18
41	28	666
41	47	2548
41	31	186
41	26	140
41	6	375
41	38	109
41	37	163
41	8	11
41	7	777
41	48	12
41	1	101
41	20	522
41	30	83
41	11	29
41	27	217
41	33	64
41	36	143
41	13	36
41	25	399
41	2	349
41	45	5
41	42	3015
41	3	308
41	44	46
41	19	281
41	40	65
41	32	438
41	23	3009
41	15	1377
41	22	49
41	29	283
41	4	890
41	12	311
41	5	512
41	43	144
6	17	674
6	34	157
6	46	859
6	16	1125
6	21	1097
6	49	197
6	39	38
6	35	61
6	10	1206
6	18	891
6	9	11
6	28	267
6	47	159
6	31	165
6	26	95
6	41	144
6	38	3
6	37	131
6	8	338
6	7	279
6	48	171
6	1	1866
6	20	256
6	11	89
6	27	91
6	33	1
6	36	73
6	13	171
6	25	235
6	2	199
6	45	3
6	42	481
6	3	556
6	44	49
6	19	150
6	40	5
6	32	588
6	23	532
6	15	6378
6	22	74
6	29	15
6	4	356
6	12	357
6	5	19
6	43	129
6	24	19
38	17	50
38	34	463
38	46	12
38	16	945
38	21	15
38	49	921
38	35	146
38	10	5534
38	18	167
38	28	396
38	31	58
38	26	158
38	41	34
38	6	189
38	37	250
38	8	2942
38	7	196
38	48	140
38	1	122
38	20	750
38	30	169
38	11	51
38	27	157
38	33	4607
38	36	323
38	13	42
38	25	1013
38	2	948
38	45	73
38	42	895
38	3	125
38	44	335
38	19	744
38	40	210
38	32	1564
38	23	783
38	15	973
38	22	286
38	29	665
38	4	861
38	12	400
38	5	26
38	43	175
37	17	257
37	34	510
37	46	28
37	16	1342
37	21	483
37	49	297
37	39	959
37	35	2398
37	10	1773
37	18	614
37	9	18
37	28	316
37	47	178
37	31	71
37	26	47
37	41	190
37	6	109
37	38	55
37	8	404
37	7	373
37	48	312
37	1	64
37	20	211
37	30	5
37	11	21
37	27	158
37	33	5
37	36	590
37	13	85
37	25	1243
37	2	1529
37	45	39
37	42	853
37	3	127
37	44	77
37	19	2977
37	40	81
37	32	605
37	14	10
37	23	296
37	15	844
37	22	104
37	29	146
37	4	4064
37	12	202
37	5	909
37	43	221
37	24	49
8	17	50
8	34	294
8	46	38
8	16	2154
8	21	891
8	49	1312
8	39	23
8	35	228
8	10	2275
8	18	623
8	9	50
8	28	494
8	47	125
8	31	87
8	26	28
8	41	62
8	6	82
8	38	583
8	37	596
8	7	258
8	48	122
8	1	10
8	20	121
8	30	14
8	11	29
8	27	47
8	33	2850
8	36	736
8	13	45
8	25	2262
8	2	556
8	45	28
8	42	328
8	3	185
8	44	114
8	19	885
8	40	1688
8	32	347
8	14	9
8	23	228
8	15	722
8	22	225
8	29	497
8	4	565
8	12	436
8	5	24
8	43	73
8	24	82
7	17	232
7	34	969
7	46	129
7	16	901
7	21	337
7	49	76
7	39	22
7	35	95
7	10	2364
7	18	1005
7	9	69
7	28	1271
7	47	1113
7	31	95
7	26	113
7	41	737
7	6	109
7	38	11
7	37	218
7	8	135
7	48	223
7	1	178
7	20	299
7	30	83
7	11	26
7	27	124
7	33	43
7	36	32
7	13	60
7	25	524
7	2	622
7	45	76
7	42	1650
7	3	136
7	44	57
7	19	266
7	40	23
7	32	299
7	14	90
7	23	455
7	15	959
7	22	168
7	29	28
7	4	301
7	12	350
7	5	78
7	43	395
7	24	97
48	17	139
48	34	1593
48	46	54
48	16	1588
48	21	556
48	49	112
48	39	65
48	35	73
48	10	1015
48	18	416
48	9	118
48	28	1215
48	47	286
48	31	1395
48	26	126
48	41	112
48	6	61
48	38	79
48	37	264
48	8	179
48	7	209
48	1	105
48	20	520
48	30	89
48	11	276
48	27	215
48	36	106
48	13	52
48	25	196
48	2	283
48	45	2837
48	42	208
48	3	168
48	44	333
48	19	217
48	40	24
48	32	140
48	14	663
48	23	219
48	15	521
48	22	71
48	29	58
48	4	426
48	12	502
48	5	3
48	43	3527
48	24	53
1	17	1659
1	34	98
1	46	1236
1	16	856
1	21	279
1	49	92
1	39	19
1	35	14
1	10	1839
1	18	1099
1	9	29
1	28	919
1	47	652
1	31	251
1	26	151
1	41	216
1	6	2275
1	38	26
1	37	194
1	8	51
1	7	309
1	48	67
1	20	372
1	30	10
1	11	58
1	27	262
1	36	35
1	13	151
1	25	259
1	2	796
1	45	24
1	42	340
1	3	620
1	44	62
1	19	18
1	32	471
1	14	11
1	23	3541
1	15	2145
1	22	95
1	4	450
1	12	206
1	43	79
1	24	45
20	17	258
20	34	430
20	46	1511
20	16	1116
20	21	625
20	49	59
20	39	13
20	35	55
20	10	1770
20	18	560
20	9	35
20	28	2201
20	47	751
20	31	691
20	26	3489
20	41	395
20	6	264
20	38	11
20	37	42
20	8	75
20	7	366
20	48	283
20	1	437
20	30	74
20	11	369
20	27	115
20	33	47
20	36	63
20	13	201
20	25	549
20	2	435
20	45	247
20	42	502
20	3	864
20	44	66
20	19	194
20	40	34
20	32	312
20	14	78
20	23	447
20	15	2044
20	22	257
20	29	3
20	4	317
20	12	465
20	5	9
20	43	209
20	24	40
30	17	100
30	34	1113
30	46	257
30	16	3048
30	21	2013
30	49	49
30	10	1751
30	18	250
30	9	3785
30	28	227
30	47	133
30	31	450
30	26	298
30	6	426
30	8	48
30	7	217
30	48	1252
30	1	165
30	20	509
30	11	107
30	27	1081
30	36	66
30	13	138
30	25	419
30	2	243
30	45	1769
30	42	274
30	3	794
30	44	2183
30	19	134
30	32	92
30	14	247
30	23	306
30	15	1806
30	22	1053
30	29	146
30	4	655
30	12	2907
30	43	781
30	24	1893
11	17	81
11	34	1237
11	46	89
11	16	1781
11	21	2412
11	49	24
11	39	49
11	35	92
11	10	509
11	18	692
11	9	18
11	28	702
11	47	318
11	31	4153
11	26	2226
11	41	390
11	6	401
11	38	44
11	37	71
11	8	98
11	7	60
11	48	535
11	1	74
11	20	1078
11	30	58
11	27	385
11	33	59
11	36	18
11	13	104
11	25	42
11	2	338
11	45	512
11	42	567
11	3	161
11	44	307
11	19	115
11	40	101
11	32	85
11	14	1173
11	23	233
11	15	2586
11	22	263
11	4	192
11	12	367
11	43	174
11	24	656
27	17	367
27	34	2446
27	46	44
27	16	10192
27	21	1380
27	49	62
27	39	208
27	35	15
27	10	452
27	18	1378
27	9	923
27	28	538
27	47	368
27	31	248
27	26	310
27	41	109
27	6	339
27	38	12
27	37	120
27	8	286
27	7	493
27	48	339
27	1	191
27	20	304
27	30	352
27	11	84
27	36	330
27	13	220
27	25	218
27	2	592
27	45	311
27	42	330
27	3	401
27	44	2162
27	19	583
27	40	9
27	32	373
27	14	49
27	23	267
27	15	3012
27	22	1964
27	29	6
27	4	354
27	12	2066
27	5	83
27	43	423
27	24	129
33	17	121
33	34	385
33	16	1002
33	21	512
33	49	761
33	39	74
33	35	148
33	10	1783
33	18	11
33	28	213
33	31	42
33	41	63
33	6	8
33	38	2760
33	37	848
33	8	10066
33	7	336
33	1	45
33	20	26
33	30	86
33	27	132
33	36	95
33	13	202
33	25	2084
33	2	569
33	42	142
33	3	414
33	44	29
33	19	859
33	40	461
33	32	692
33	23	204
33	15	574
33	22	382
33	29	2184
33	4	404
33	12	233
33	5	97
33	43	2
36	17	192
36	34	289
36	46	17
36	16	1363
36	21	278
36	49	640
36	39	660
36	35	164
36	10	3121
36	18	556
36	9	24
36	28	267
36	47	173
36	31	115
36	26	30
36	41	56
36	6	110
36	38	45
36	37	707
36	8	909
36	7	182
36	48	117
36	1	240
36	20	108
36	30	17
36	11	59
36	27	103
36	33	66
36	13	28
36	25	4813
36	2	1296
36	45	15
36	42	531
36	3	172
36	44	43
36	19	3820
36	40	137
36	32	736
36	23	88
36	15	768
36	22	49
36	29	94
36	4	1025
36	12	260
36	5	137
36	43	68
36	24	13
13	17	219
13	34	3327
13	46	262
13	16	2836
13	21	3123
13	49	212
13	39	40
13	35	55
13	10	1366
13	18	438
13	9	323
13	28	651
13	47	104
13	31	54
13	26	492
13	41	265
13	6	71
13	38	130
13	37	305
13	8	249
13	7	631
13	48	154
13	1	41
13	20	216
13	30	124
13	11	75
13	27	545
13	33	106
13	36	21
13	25	309
13	2	545
13	45	77
13	42	652
13	3	595
13	44	440
13	19	479
13	40	17
13	32	503
13	14	83
13	23	359
13	15	8030
13	22	328
13	29	35
13	4	453
13	12	417
13	5	38
13	43	251
13	24	289
25	17	138
25	34	378
25	46	115
25	16	1597
25	21	370
25	49	1190
25	39	182
25	35	157
25	10	2708
25	18	713
25	9	47
25	28	386
25	47	118
25	31	62
25	26	29
25	41	267
25	6	142
25	38	128
25	37	599
25	8	994
25	7	292
25	48	94
25	1	76
25	20	144
25	30	24
25	11	16
25	27	179
25	33	148
25	36	2068
25	13	56
25	2	1016
25	45	16
25	42	446
25	3	101
25	44	121
25	19	1680
25	40	184
25	32	549
25	14	18
25	23	320
25	15	1035
25	22	108
25	29	244
25	4	811
25	12	284
25	5	87
25	43	103
25	24	11
2	17	526
2	34	279
2	46	313
2	16	1148
2	21	449
2	49	346
2	39	138
2	35	101
2	10	2372
2	18	1642
2	9	83
2	28	385
2	47	273
2	31	75
2	26	83
2	41	373
2	6	234
2	38	114
2	37	769
2	8	257
2	7	401
2	48	178
2	1	175
2	20	409
2	30	110
2	11	89
2	27	78
2	33	165
2	36	331
2	13	34
2	25	1081
2	45	23
2	42	563
2	3	201
2	44	152
2	19	654
2	40	49
2	32	2540
2	14	24
2	23	605
2	15	2324
2	22	86
2	29	33
2	4	2623
2	12	419
2	5	480
2	43	301
2	24	47
45	17	325
45	34	1250
45	16	2605
45	21	2735
45	10	340
45	18	295
45	28	279
45	47	161
45	31	1188
45	26	372
45	41	173
45	6	91
45	37	165
45	8	115
45	7	377
45	48	9515
45	1	139
45	20	907
45	30	1393
45	11	708
45	27	1001
45	36	78
45	13	58
45	25	109
45	2	293
45	42	646
45	3	439
45	44	59
45	19	236
45	32	935
45	14	2460
45	23	9
45	15	1410
45	22	249
45	4	1215
45	12	309
45	5	249
45	43	405
45	24	482
42	17	122
42	34	684
42	46	98
42	16	922
42	21	392
42	49	24
42	39	16
42	35	56
42	10	1985
42	18	649
42	9	88
42	28	595
42	47	972
42	31	97
42	26	113
42	41	1475
42	6	96
42	38	54
42	37	218
42	8	158
42	7	980
42	48	228
42	1	77
42	20	307
42	30	34
42	11	48
42	27	121
42	33	28
42	36	125
42	13	102
42	25	400
42	2	808
42	3	99
42	44	122
42	19	1239
42	40	5
42	32	379
42	14	5
42	23	536
42	15	755
42	22	162
42	29	18
42	4	486
42	12	276
42	5	585
42	43	225
42	24	70
3	17	50
3	34	425
3	46	2602
3	16	1746
3	21	1199
3	49	108
3	10	822
3	18	863
3	9	24
3	28	390
3	47	313
3	31	383
3	26	2201
3	41	151
3	6	565
3	38	20
3	37	121
3	8	77
3	7	184
3	48	317
3	1	147
3	20	1387
3	30	266
3	11	153
3	27	398
3	33	48
3	36	403
3	13	281
3	25	347
3	2	330
3	45	73
3	42	224
3	44	189
3	19	98
3	32	145
3	14	5
3	23	653
3	15	6882
3	22	350
3	29	2
3	4	735
3	12	320
3	5	136
3	43	75
3	24	252
44	17	51
44	34	2202
44	46	49
44	16	5828
44	21	620
44	49	8
44	35	40
44	10	748
44	18	116
44	9	1272
44	28	244
44	47	99
44	31	89
44	26	217
44	41	76
44	6	50
44	38	55
44	37	96
44	8	391
44	7	208
44	48	200
44	1	119
44	20	304
44	30	756
44	11	27
44	27	795
44	33	53
44	36	194
44	13	239
44	25	270
44	2	341
44	45	185
44	42	110
44	3	323
44	19	60
44	40	35
44	32	65
44	14	171
44	23	276
44	15	981
44	22	1048
44	29	6
44	4	395
44	12	6546
44	5	30
44	43	242
44	24	229
19	17	143
19	34	335
19	46	40
19	16	819
19	21	309
19	49	173
19	39	534
19	35	117
19	10	2009
19	18	710
19	9	13
19	28	359
19	47	189
19	31	35
19	26	71
19	41	174
19	6	97
19	38	76
19	37	1212
19	8	645
19	7	214
19	48	86
19	1	48
19	20	120
19	30	35
19	11	54
19	27	125
19	33	69
19	36	1848
19	13	64
19	25	1793
19	2	953
19	45	8
19	42	1108
19	3	38
19	44	70
19	40	57
19	32	508
19	14	40
19	23	260
19	15	818
19	22	73
19	29	73
19	4	1111
19	12	266
19	5	407
19	43	122
19	24	18
40	34	582
40	46	55
40	16	1562
40	21	129
40	49	1477
40	39	128
40	35	602
40	10	2892
40	18	417
40	28	438
40	26	17
40	6	698
40	38	970
40	37	77
40	8	6507
40	7	64
40	48	283
40	1	175
40	20	342
40	27	318
40	33	1183
40	36	406
40	25	3055
40	2	274
40	45	231
40	42	412
40	44	167
40	19	731
40	32	510
40	23	24
40	15	1671
40	22	332
40	29	323
40	4	1521
40	12	91
40	43	136
32	17	595
32	34	226
32	46	11
32	16	871
32	21	505
32	49	199
32	39	63
32	35	31
32	10	2409
32	18	3945
32	9	43
32	28	335
32	47	299
32	31	199
32	26	117
32	41	285
32	6	405
32	38	36
32	37	486
32	8	525
32	7	386
32	48	361
32	1	126
32	20	605
32	30	48
32	11	96
32	27	101
32	33	68
32	36	502
32	13	68
32	25	1261
32	2	5412
32	45	2
32	42	518
32	3	120
32	44	97
32	19	640
32	40	101
32	14	33
32	23	911
32	15	947
32	22	12
32	29	26
32	4	1682
32	12	578
32	5	232
32	43	223
32	24	25
14	17	621
14	34	1765
14	46	807
14	16	990
14	21	906
14	10	1283
14	18	308
14	9	141
14	28	472
14	47	133
14	31	1389
14	26	184
14	8	232
14	7	79
14	48	4129
14	1	94
14	20	632
14	30	229
14	11	3007
14	36	697
14	13	610
14	2	421
14	45	2104
14	42	56
14	3	129
14	44	142
14	19	190
14	32	978
14	15	1516
14	22	56
14	29	46
14	4	41
14	12	112
14	5	43
14	43	394
14	24	1409
23	17	1632
23	34	786
23	46	649
23	16	898
23	21	392
23	49	40
23	39	53
23	35	89
23	10	2521
23	18	2727
23	9	303
23	28	720
23	47	549
23	31	177
23	26	238
23	41	1559
23	6	363
23	38	152
23	37	278
23	8	127
23	7	504
23	48	269
23	1	1804
23	20	483
23	30	6
23	11	35
23	27	263
23	33	11
23	36	216
23	13	52
23	25	198
23	2	1430
23	45	115
23	42	548
23	3	382
23	44	124
23	19	197
23	40	18
23	32	550
23	14	78
23	15	1606
23	22	133
23	29	29
23	4	958
23	12	496
23	5	164
23	43	162
15	17	286
15	34	566
15	46	451
15	16	1648
15	21	665
15	49	125
15	39	5
15	35	56
15	10	1095
15	18	620
15	9	51
15	28	643
15	47	172
15	31	136
15	26	324
15	41	128
15	6	938
15	38	19
15	37	215
15	8	141
15	7	331
15	48	153
15	1	277
15	20	355
15	30	53
15	11	119
15	27	210
15	33	82
15	36	96
15	13	458
15	25	430
15	2	484
15	45	54
15	42	450
15	3	977
15	44	128
15	19	259
15	40	31
15	32	205
15	14	65
15	23	334
15	22	138
15	29	18
15	4	496
15	12	544
15	5	23
15	43	106
15	24	54
22	17	202
22	34	2073
22	46	94
22	16	4265
22	21	2242
22	49	15
22	39	58
22	35	40
22	10	875
22	18	7
22	9	2319
22	28	404
22	47	36
22	31	310
22	26	33
22	41	162
22	6	97
22	38	70
22	37	371
22	8	359
22	7	287
22	48	150
22	1	159
22	20	1151
22	30	91
22	11	80
22	27	1613
22	33	195
22	36	148
22	13	484
22	25	217
22	2	416
22	45	15
22	42	69
22	3	906
22	44	1679
22	19	447
22	32	198
22	14	135
22	23	274
22	15	1615
22	29	28
22	4	733
22	12	1856
22	43	315
22	24	599
29	34	330
29	16	868
29	21	803
29	49	1132
29	35	426
29	10	4387
29	18	134
29	28	249
29	26	111
29	41	71
29	6	71
29	38	557
29	37	940
29	8	4047
29	7	95
29	48	122
29	20	507
29	30	138
29	11	126
29	27	193
29	33	4727
29	36	55
29	13	129
29	25	4414
29	2	710
29	45	1210
29	42	581
29	3	314
29	44	586
29	19	1616
29	40	84
29	32	475
29	14	7
29	23	212
29	15	180
29	22	62
29	4	675
29	12	356
29	5	86
29	43	99
4	17	387
4	34	337
4	46	141
4	16	1908
4	21	463
4	49	211
4	39	213
4	35	1165
4	10	3139
4	18	1307
4	9	32
4	28	526
4	47	236
4	31	32
4	26	208
4	41	405
4	6	226
4	38	70
4	37	2514
4	8	500
4	7	373
4	48	126
4	1	235
4	20	318
4	30	19
4	11	131
4	27	138
4	33	80
4	36	613
4	13	190
4	25	969
4	2	3269
4	45	49
4	42	390
4	3	213
4	44	82
4	19	1461
4	40	123
4	32	1145
4	14	41
4	23	978
4	15	2166
4	22	167
4	29	88
4	12	469
4	5	771
4	43	154
4	24	16
12	17	149
12	34	1920
12	46	36
12	16	5012
12	21	703
12	49	230
12	39	4
12	35	69
12	10	716
12	18	284
12	9	1507
12	28	392
12	47	37
12	31	133
12	26	473
12	41	288
12	6	229
12	38	17
12	37	207
12	8	239
12	7	311
12	48	244
12	1	62
12	20	335
12	30	693
12	11	192
12	27	434
12	33	16
12	36	267
12	13	181
12	25	379
12	2	857
12	45	232
12	42	414
12	3	228
12	44	3077
12	19	259
12	40	41
12	32	236
12	14	148
12	23	272
12	15	1686
12	22	511
12	29	14
12	4	603
12	5	43
12	43	175
12	24	191
5	17	68
5	34	411
5	46	45
5	16	760
5	21	450
5	49	93
5	39	86
5	35	157
5	10	1902
5	18	666
5	28	657
5	47	273
5	31	11
5	26	74
5	41	1801
5	6	128
5	38	27
5	37	1053
5	8	207
5	7	190
5	20	79
5	11	59
5	27	53
5	33	43
5	36	159
5	25	495
5	2	1441
5	42	4211
5	3	198
5	44	319
5	19	3641
5	32	724
5	14	70
5	23	1749
5	15	931
5	4	2067
5	12	115
43	17	132
43	34	658
43	46	121
43	16	993
43	21	524
43	49	124
43	35	126
43	10	1086
43	18	601
43	9	39
43	28	2519
43	47	301
43	31	630
43	26	84
43	41	243
43	6	119
43	37	80
43	8	102
43	7	833
43	48	3080
43	1	106
43	20	460
43	30	131
43	11	55
43	27	182
43	33	41
43	36	118
43	13	56
43	25	171
43	2	396
43	45	94
43	42	170
43	3	185
43	44	74
43	19	270
43	40	23
43	32	145
43	14	54
43	23	283
43	15	732
43	22	252
43	29	26
43	4	219
43	12	204
43	5	82
43	24	49
24	17	152
24	34	4834
24	46	2599
24	16	3272
24	21	9720
24	49	180
24	35	373
24	10	1341
24	18	183
24	9	1174
24	28	524
24	47	2916
24	31	680
24	26	482
24	6	253
24	38	102
24	8	458
24	7	2215
24	48	369
24	1	532
24	20	1405
24	30	1620
24	11	1591
24	27	1329
24	33	123
24	36	39
24	13	164
24	25	687
24	2	1048
24	45	633
24	42	350
24	3	78
24	44	1327
24	19	753
24	40	36
24	14	1698
24	23	621
24	15	4289
24	22	3845
24	29	166
24	4	248
24	12	683
24	5	437
24	43	52
