O	D	Flow
17	34	162
17	46	443
17	16	2156
17	21	207
17	49	56
17	39	9
17	35	51
17	10	3248
17	18	3878
17	9	34
17	28	323
17	47	253
17	31	132
17	26	171
17	41	291
17	6	993
17	37	159
17	8	107
17	7	487
17	48	80
17	1	1407
17	20	579
17	30	27
17	11	105
17	27	98
17	33	9
17	36	44
17	13	8
17	25	343
17	2	880
17	45	83
17	42	245
17	3	205
17	44	32
17	19	317
17	40	71
17	32	664
17	23	1990
17	15	1329
17	22	75
17	4	548
17	12	338
17	5	29
17	43	93
17	24	52
34	17	124
34	46	116
34	16	5229
34	21	1828
34	49	39
34	39	39
34	35	27
34	10	1174
34	18	984
34	9	520
34	28	421
34	47	578
34	31	392
34	26	314
34	41	214
34	6	143
34	38	90
34	37	299
34	8	150
34	7	941
34	48	421
34	1	105
34	20	555
34	30	278
34	11	170
34	27	1261
34	33	21
34	36	159
34	13	1274
34	25	1143
34	2	333
34	45	131
34	42	497
34	3	554
34	44	1403
34	19	257
34	32	341
34	14	149
34	23	387
34	15	2674
34	22	1242
34	29	16
34	4	535
34	12	1326
34	5	44
34	43	322
34	24	267
46	17	488
46	34	397
46	16	529
46	21	659
46	35	35
46	10	643
46	18	604
46	9	37
46	28	415
46	47	294
46	31	322
46	26	305
46	41	236
46	6	772
46	37	168
46	8	78
46	7	265
46	48	192
46	1	492
46	20	2710
46	30	97
46	11	55
46	27	28
46	33	21
46	36	142
46	13	35
46	25	205
46	2	192
46	45	64
46	42	494
46	3	2471
46	44	192
46	19	185
46	32	333
46	14	7
46	23	2569
46	15	4019
46	22	40
46	4	19
46	12	473
46	5	177
46	43	224
46	24	187
16	17	139
16	34	1488
16	46	131
16	21	634
16	49	95
16	39	4
16	35	134
16	10	602
16	18	362
16	9	260
16	28	405
16	47	165
16	31	86
16	26	165
16	41	96
16	6	105
16	38	53
16	37	183
16	8	375
16	7	252
16	48	234
16	1	159
16	20	179
16	30	141
16	11	61
16	27	1268
16	33	42
16	36	154
16	13	129
16	25	576
16	2	426
16	45	32
16	42	201
16	3	211
16	44	915
16	19	237
16	40	35
16	32	150
16	14	49
16	23	229
16	15	1647
16	22	375
16	29	31
16	4	414
16	12	1038
16	5	40
16	43	166
16	24	70
21	17	377
21	34	1806
21	46	214
21	16	3270
21	49	86
21	39	17
21	35	88
21	10	1730
21	18	1052
21	9	437
21	28	759
21	47	336
21	31	459
21	26	626
21	41	444
21	6	474
21	38	102
21	37	342
21	8	562
21	7	362
21	48	645
21	1	122
21	20	553
21	30	354
21	11	696
21	27	618
21	33	48
21	36	199
21	13	836
21	25	401
21	2	954
21	45	190
21	42	732
21	3	783
21	44	1017
21	19	488
21	40	17
21	32	645
21	14	259
21	23	463
21	15	3416
21	22	768
21	29	120
21	4	1025
21	12	1267
21	5	163
21	43	272
21	24	975
49	17	138
49	34	127
49	46	119
49	16	1667
49	21	231
49	39	265
49	35	371
49	10	3601
49	18	903
49	9	10
49	28	385
49	47	232
49	31	144
49	26	139
49	41	72
49	6	199
49	38	408
49	37	496
49	8	3696
49	7	312
49	48	55
49	1	32
49	20	62
49	30	6
49	27	87
49	33	876
49	36	631
49	13	85
49	25	4075
49	2	1322
49	42	348
49	3	48
49	44	235
49	19	742
49	40	606
49	32	1121
49	23	108
49	15	865
49	22	48
49	29	324
49	4	607
49	12	389
49	5	67
49	43	104
39	17	124
39	34	536
39	16	1144
39	21	272
39	49	302
39	35	310
39	10	1502
39	18	1653
39	9	39
39	28	465
39	47	66
39	31	407
39	41	149
39	6	130
39	38	347
39	37	5136
39	8	94
39	7	120
39	48	92
39	27	250
39	36	1905
39	25	2070
39	2	870
39	42	941
39	3	89
39	19	6017
39	40	27
39	32	708
39	23	457
39	15	1513
39	29	17
39	4	393
39	12	669
39	5	198
39	43	17
39	24	40
35	17	185
35	34	279
35	46	321
35	16	6369
35	21	1997
35	49	320
35	39	540
35	10	2864
35	18	878
35	28	1718
35	47	129
35	31	119
35	41	525
35	6	578
35	38	232
35	37	26302
35	8	2550
35	7	620
35	48	105
35	1	84
35	20	570
35	27	928
35	33	123
35	36	1456
35	13	78
35	25	5017
35	2	2602
35	45	28
35	42	1011
35	3	326
35	44	409
35	19	2470
35	32	979
35	23	1127
35	15	1911
35	22	596
35	4	18889
35	12	561
35	5	1627
35	43	486
10	17	725
10	34	461
10	46	131
10	16	1291
10	21	468
10	49	325
10	39	37
10	35	87
10	18	2292
10	9	18
10	28	723
10	47	437
10	31	91
10	26	224
10	41	347
10	6	361
10	38	135
10	37	435
10	8	482
10	7	563
10	48	189
10	1	352
10	20	254
10	30	58
10	11	135
10	27	207
10	33	116
10	36	530
10	13	154
10	25	1126
10	2	1286
10	45	77
10	42	724
10	3	246
10	44	66
10	19	817
10	40	86
10	32	623
10	14	16
10	23	866
10	15	2062
10	22	147
10	29	54
10	4	1132
10	12	362
10	5	141
10	43	218
10	24	46
18	17	2008
18	34	436
18	46	199
18	16	861
18	21	502
18	49	221
18	39	144
18	35	44
18	10	4173
18	9	16
18	28	436
18	47	257
18	31	105
18	26	48
18	41	436
18	6	634
18	38	16
18	37	662
18	8	269
18	7	497
18	48	252
18	1	456
18	20	311
18	30	6
18	11	130
18	27	207
18	33	17
18	36	385
18	13	8
18	25	607
18	2	1559
18	45	40
18	42	489
18	3	171
18	44	113
18	19	466
18	40	183
18	32	1539
18	14	16
18	23	1560
18	15	1889
18	22	113
18	29	15
18	4	874
18	12	450
18	5	68
18	43	139
18	24	6
9	17	311
9	34	2345
9	16	4477
9	21	836
9	35	140
9	10	560
9	18	326
9	28	487
9	47	89
9	31	107
9	26	55
9	41	289
9	38	41
9	37	47
9	8	270
9	7	80
9	48	199
9	20	669
9	30	1096
9	11	254
9	27	840
9	13	364
9	25	431
9	2	179
9	45	211
9	42	143
9	3	142
9	44	3062
9	19	221
9	32	610
9	14	108
9	23	176
9	15	1912
9	22	4304
9	4	416
9	12	7862
9	43	72
9	24	511
28	17	175
28	34	920
28	46	252
28	16	1664
28	21	704
28	49	159
28	39	6
28	35	137
28	10	1947
28	18	353
28	9	135
28	47	2963
28	31	1056
28	26	203
28	41	425
28	6	152
28	38	64
28	37	161
28	8	248
28	7	1133
28	48	755
28	1	271
28	20	1879
28	30	52
28	11	210
28	27	287
28	33	63
28	36	168
28	13	191
28	25	522
28	2	553
28	45	23
28	42	704
28	3	108
28	44	117
28	19	273
28	40	18
28	32	221
28	14	40
28	23	687
28	15	1805
28	22	95
28	29	17
28	4	281
28	12	386
28	5	14
28	43	2361
28	24	43
47	17	313
47	34	368
47	46	61
47	16	1013
47	21	597
47	49	26
47	35	79
47	10	1607
47	18	445
47	9	38
47	28	2915
47	31	499
47	26	46
47	41	1885
47	6	22
47	38	17
47	37	160
47	8	192
47	7	1621
47	48	406
47	1	185
47	20	607
47	30	103
47	11	84
47	27	80
47	36	120
47	13	182
47	25	153
47	2	356
47	45	22
47	42	1663
47	3	271
47	44	166
47	19	387
47	40	14
47	32	443
47	14	74
47	23	923
47	15	945
47	22	81
47	29	20
47	4	426
47	12	303
47	5	76
47	43	399
47	24	46
31	17	74
31	34	880
31	46	223
31	16	1163
31	21	1513
31	49	33
31	35	30
31	10	1198
31	18	106
31	9	110
31	28	2081
31	47	695
31	26	411
31	41	335
31	38	63
31	37	153
31	8	219
31	7	490
31	48	1921
31	1	79
31	20	1126
31	30	87
31	11	2443
31	27	451
31	36	3
31	13	8
31	25	258
31	2	563
31	45	95
31	42	454
31	3	959
31	44	163
31	19	461
31	40	25
31	32	137
31	14	813
31	23	268
31	15	2072
31	22	182
31	29	19
31	4	239
31	12	624
31	43	1303
31	24	4
26	17	171
26	34	811
26	46	514
26	16	2356
26	21	1648
26	35	45
26	10	992
26	18	1045
26	9	252
26	28	904
26	47	299
26	31	385
26	41	314
26	6	349
26	38	55
26	37	44
26	8	138
26	7	385
26	48	141
26	1	103
26	20	6498
26	30	289
26	11	1155
26	27	381
26	33	56
26	36	173
26	13	168
26	25	360
26	2	905
26	45	220
26	42	365
26	3	3026
26	44	231
26	19	408
26	40	52
26	32	206
26	14	290
26	23	211
26	15	3994
26	22	66
26	29	13
26	4	640
26	12	996
26	43	138
26	24	24
41	17	842
41	34	535
41	46	90
41	16	728
41	21	227
41	49	144
41	39	23
41	35	84
41	10	1412
41	18	897
41	9	7
41	28	544
41	47	2148
41	31	43
41	26	209
41	6	392
41	38	60
41	37	182
41	8	57
41	7	848
41	48	69
41	1	163
41	20	199
41	30	28
41	11	74
41	27	147
41	33	69
41	36	113
41	13	14
41	25	227
41	2	650
41	45	72
41	42	4170
41	3	208
41	44	20
41	19	395
41	40	56
41	32	750
41	14	36
41	23	2074
41	15	1356
41	29	39
41	4	827
41	12	282
41	5	407
41	43	110
41	24	10
6	17	506
6	34	313
6	46	612
6	16	1051
6	21	444
6	49	32
6	35	148
6	10	1115
6	18	776
6	9	26
6	28	523
6	47	201
6	31	36
6	26	419
6	41	269
6	38	218
6	37	289
6	8	114
6	7	260
6	48	112
6	1	1542
6	20	452
6	30	53
6	11	87
6	27	66
6	33	35
6	36	192
6	13	234
6	25	177
6	2	257
6	42	130
6	3	242
6	44	226
6	19	350
6	40	105
6	32	336
6	14	22
6	23	242
6	15	5125
6	22	47
6	4	439
6	12	259
6	5	27
6	43	10
6	24	62
38	34	572
38	16	571
38	21	145
38	49	1426
38	39	10
38	35	125
38	10	3226
38	18	565
38	9	28
38	28	781
38	47	46
38	26	77
38	41	116
38	37	249
38	8	2964
38	7	196
38	48	102
38	20	281
38	30	8
38	11	150
38	27	8
38	33	3122
38	36	99
38	13	387
38	25	1014
38	2	1288
38	42	133
38	3	41
38	44	172
38	19	962
38	40	313
38	32	1098
38	23	155
38	15	1040
38	22	121
38	29	404
38	4	783
38	12	559
38	43	166
38	24	147
37	17	221
37	34	370
37	46	10
37	16	1174
37	21	518
37	49	306
37	39	1137
37	35	2283
37	10	2660
37	18	880
37	9	40
37	28	388
37	47	381
37	31	65
37	41	196
37	6	170
37	38	61
37	8	561
37	7	239
37	48	63
37	1	23
37	20	344
37	30	26
37	11	87
37	27	146
37	33	59
37	36	568
37	13	164
37	25	1355
37	2	1375
37	42	629
37	3	119
37	44	165
37	19	3655
37	40	93
37	32	720
37	14	21
37	23	386
37	15	1559
37	22	51
37	29	101
37	4	4712
37	12	290
37	5	979
37	43	92
37	24	32
8	17	88
8	34	301
8	46	7
8	16	1589
8	21	379
8	49	1239
8	39	155
8	35	232
8	10	2307
8	18	634
8	9	6
8	28	664
8	47	207
8	31	64
8	26	81
8	41	57
8	6	219
8	38	921
8	37	604
8	7	332
8	48	166
8	1	79
8	20	168
8	30	136
8	11	126
8	27	79
8	33	2172
8	36	437
8	13	28
8	25	2250
8	2	573
8	45	7
8	42	292
8	3	62
8	44	197
8	19	735
8	40	1591
8	32	239
8	14	27
8	23	259
8	15	917
8	22	222
8	29	659
8	4	712
8	12	296
8	5	22
8	43	102
7	17	257
7	34	944
7	46	80
7	16	1168
7	21	287
7	49	2
7	39	16
7	35	33
7	10	2395
7	18	767
7	9	41
7	28	1173
7	47	994
7	31	182
7	26	196
7	41	263
7	6	138
7	38	26
7	37	245
7	8	182
7	48	191
7	1	286
7	20	300
7	30	84
7	11	32
7	27	133
7	33	15
7	36	145
7	13	66
7	25	385
7	2	638
7	45	129
7	42	1357
7	3	78
7	44	98
7	19	530
7	40	29
7	32	403
7	14	8
7	23	616
7	15	1235
7	22	63
7	29	18
7	4	262
7	12	229
7	5	34
7	43	563
7	24	6
48	17	48
48	34	833
48	46	155
48	16	1733
48	21	673
48	49	157
48	39	88
48	35	75
48	10	990
48	18	236
48	9	85
48	28	721
48	47	152
48	31	1638
48	26	293
48	41	117
48	6	74
48	38	43
48	37	126
48	8	169
48	7	367
48	1	12
48	20	255
48	30	135
48	11	391
48	27	279
48	36	234
48	13	105
48	25	223
48	2	445
48	45	2523
48	42	299
48	3	155
48	44	498
48	19	279
48	40	78
48	32	203
48	14	792
48	23	176
48	15	1274
48	22	165
48	4	661
48	12	328
48	5	26
48	43	3808
48	24	31
1	17	1830
1	34	317
1	46	990
1	16	781
1	21	259
1	49	22
1	35	23
1	10	1880
1	18	1534
1	9	47
1	28	729
1	47	177
1	31	188
1	26	93
1	41	190
1	6	2650
1	37	98
1	8	39
1	7	266
1	48	305
1	20	281
1	30	133
1	27	215
1	33	196
1	36	131
1	13	223
1	25	576
1	2	344
1	45	110
1	42	332
1	3	284
1	19	4
1	32	352
1	23	2730
1	15	4115
1	22	251
1	29	8
1	4	668
1	12	162
1	5	61
1	43	381
20	17	387
20	34	990
20	46	1579
20	16	1261
20	21	809
20	49	139
20	39	78
20	35	32
20	10	1400
20	18	354
20	9	117
20	28	2531
20	47	289
20	31	536
20	26	3672
20	41	411
20	6	490
20	38	63
20	37	184
20	8	174
20	7	360
20	48	304
20	1	177
20	30	18
20	11	246
20	27	166
20	36	29
20	13	277
20	25	387
20	2	424
20	45	225
20	42	541
20	3	1041
20	44	126
20	19	329
20	40	9
20	32	246
20	14	20
20	23	910
20	15	1968
20	22	358
20	29	11
20	4	471
20	12	494
20	5	64
20	43	365
20	24	40
30	34	1369
30	46	227
30	16	2800
30	21	2674
30	35	82
30	10	157
30	18	184
30	9	3455
30	28	1160
30	47	240
30	31	28
30	26	591
30	6	387
30	38	62
30	37	38
30	8	290
30	7	282
30	48	944
30	1	447
30	20	643
30	11	554
30	27	960
30	36	320
30	13	676
30	25	385
30	2	202
30	45	1828
30	42	516
30	3	65
30	44	1761
30	19	828
30	32	287
30	14	968
30	23	254
30	15	644
30	22	878
30	29	404
30	4	380
30	12	4202
30	5	246
30	43	394
30	24	1313
11	17	151
11	34	948
11	16	1672
11	21	1540
11	39	28
11	35	59
11	10	949
11	18	549
11	9	63
11	28	280
11	47	114
11	31	4577
11	26	1403
11	41	279
11	6	167
11	37	109
11	7	242
11	48	468
11	1	361
11	20	1733
11	30	216
11	27	269
11	36	23
11	13	640
11	25	29
11	2	583
11	45	260
11	42	180
11	3	284
11	44	220
11	32	171
11	14	750
11	23	68
11	15	1778
11	22	284
11	4	400
11	12	359
11	43	310
11	24	228
27	17	218
27	34	2488
27	46	81
27	16	10641
27	21	1400
27	49	192
27	39	10
27	35	210
27	10	1428
27	18	787
27	9	748
27	28	810
27	47	460
27	31	91
27	26	745
27	41	236
27	6	355
27	38	148
27	37	184
27	8	136
27	7	423
27	48	334
27	1	44
27	20	334
27	30	251
27	11	284
27	33	154
27	36	80
27	13	412
27	25	962
27	2	663
27	45	95
27	42	574
27	3	294
27	44	1201
27	19	308
27	40	15
27	32	177
27	14	188
27	23	241
27	15	2502
27	22	2346
27	29	16
27	4	443
27	12	1763
27	5	9
27	43	382
27	24	233
33	17	187
33	34	656
33	16	839
33	21	276
33	49	971
33	39	362
33	35	115
33	10	3185
33	18	161
33	28	17
33	47	690
33	31	17
33	41	51
33	6	218
33	38	3074
33	37	482
33	8	8382
33	7	248
33	48	140
33	1	117
33	20	41
33	27	159
33	36	277
33	13	326
33	25	1634
33	2	901
33	45	34
33	42	1052
33	3	68
33	19	412
33	40	755
33	32	712
33	14	59
33	23	186
33	15	1337
33	22	89
33	29	1928
33	4	520
33	12	68
33	43	165
36	17	71
36	34	329
36	46	27
36	16	1453
36	21	249
36	49	617
36	39	492
36	35	234
36	10	2755
36	18	479
36	9	7
36	28	337
36	47	125
36	31	41
36	26	195
36	41	85
36	6	61
36	38	106
36	37	832
36	8	607
36	7	200
36	48	84
36	1	6
36	20	130
36	11	11
36	27	136
36	33	116
36	13	33
36	25	4020
36	2	1432
36	45	4
36	42	445
36	3	72
36	44	79
36	19	4447
36	40	158
36	32	476
36	14	1
36	23	83
36	15	791
36	22	53
36	29	69
36	4	1035
36	12	229
36	5	120
36	43	92
13	17	272
13	34	4078
13	46	372
13	16	2270
13	21	3382
13	39	27
13	35	36
13	10	639
13	18	759
13	9	140
13	28	254
13	47	158
13	31	290
13	26	291
13	41	35
13	6	144
13	38	441
13	37	185
13	8	101
13	7	277
13	48	266
13	1	359
13	20	669
13	30	168
13	11	282
13	27	1429
13	36	312
13	25	679
13	2	445
13	45	77
13	42	472
13	3	551
13	44	1252
13	19	242
13	32	591
13	14	157
13	23	285
13	15	8261
13	22	775
13	29	50
13	4	251
13	12	1177
13	43	89
13	24	357
25	17	116
25	34	371
25	46	67
25	16	1740
25	21	484
25	49	1090
25	39	186
25	35	181
25	10	2989
25	18	732
25	9	23
25	28	497
25	47	92
25	31	47
25	26	56
25	41	122
25	6	104
25	38	178
25	37	746
25	8	1045
25	7	316
25	48	74
25	1	55
25	20	158
25	30	4
25	11	47
25	27	110
25	33	126
25	36	2274
25	13	59
25	2	1336
25	45	46
25	42	394
25	3	111
25	44	107
25	19	1584
25	40	181
25	32	572
25	14	35
25	23	285
25	15	1086
25	22	104
25	29	129
25	4	864
25	12	337
25	5	44
25	43	132
25	24	9
2	17	243
2	34	395
2	46	33
2	16	1263
2	21	500
2	49	137
2	39	104
2	35	168
2	10	2550
2	18	1451
2	9	101
2	28	511
2	47	335
2	31	73
2	26	206
2	41	399
2	6	320
2	38	78
2	37	890
2	8	305
2	7	380
2	48	115
2	1	120
2	20	276
2	30	11
2	11	36
2	27	108
2	33	34
2	36	441
2	13	64
2	25	1225
2	45	1
2	42	1007
2	3	117
2	44	182
2	19	1007
2	40	143
2	32	3139
2	14	16
2	23	1223
2	15	1704
2	22	117
2	29	19
2	4	2234
2	12	490
2	5	259
2	43	293
2	24	1
45	34	1909
45	16	1507
45	21	1436
45	35	59
45	10	989
45	18	671
45	9	164
45	28	775
45	47	290
45	31	678
45	26	673
45	6	226
45	38	40
45	37	189
45	8	67
45	7	983
45	48	11644
45	20	1206
45	30	1478
45	11	537
45	27	43
45	33	709
45	36	177
45	25	284
45	2	679
45	42	174
45	3	848
45	44	1284
45	19	298
45	14	2217
45	23	172
45	15	901
45	22	169
45	29	43
45	4	602
45	12	1227
45	5	62
45	43	741
45	24	1178
42	17	394
42	34	595
42	46	61
42	16	712
42	21	380
42	49	91
42	39	12
42	35	24
42	10	2364
42	18	489
42	9	5
42	28	725
42	47	998
42	31	69
42	26	155
42	41	1440
42	6	198
42	38	26
42	37	254
42	8	123
42	7	1105
42	48	168
42	1	94
42	20	227
42	30	19
42	11	46
42	27	144
42	33	28
42	36	131
42	13	52
42	25	410
42	2	955
42	45	72
42	3	147
42	44	71
42	19	912
42	40	15
42	32	462
42	14	42
42	23	398
42	15	1020
42	22	163
42	29	6
42	4	659
42	12	301
42	5	697
42	43	267
3	17	314
3	34	547
3	46	2199
3	16	1678
3	21	1756
3	49	67
3	39	57
3	35	20
3	10	1365
3	18	364
3	9	260
3	28	706
3	47	157
3	31	159
3	26	1555
3	41	260
3	6	614
3	38	62
3	37	86
3	8	202
3	7	302
3	48	130
3	1	96
3	20	1721
3	11	144
3	27	361
3	33	38
3	36	18
3	13	875
3	25	224
3	2	176
3	45	71
3	42	224
3	44	479
3	19	231
3	40	16
3	32	287
3	14	183
3	23	533
3	15	6471
3	22	158
3	29	15
3	4	236
3	12	483
3	5	53
3	43	286
3	24	11
44	17	48
44	34	1652
44	46	64
44	16	5305
44	21	520
44	49	140
44	39	1
44	35	32
44	10	705
44	18	144
44	9	1102
44	28	285
44	47	209
44	31	170
44	26	128
44	41	94
44	6	162
44	37	98
44	8	129
44	7	111
44	48	307
44	1	37
44	20	845
44	30	492
44	11	58
44	27	1017
44	33	62
44	36	108
44	13	307
44	25	209
44	2	330
44	45	78
44	42	388
44	3	68
44	19	200
44	40	11
44	32	76
44	14	3
44	23	232
44	15	1204
44	22	669
44	29	63
44	4	369
44	12	6707
44	5	41
44	43	151
44	24	79
19	17	112
19	34	335
19	46	63
19	16	1161
19	21	331
19	49	302
19	39	443
19	35	180
19	10	2255
19	18	618
19	9	28
19	28	473
19	47	156
19	31	175
19	26	47
19	41	152
19	6	45
19	38	177
19	37	1066
19	8	552
19	7	291
19	48	130
19	1	73
19	20	169
19	30	41
19	11	83
19	27	214
19	33	119
19	36	1482
19	13	73
19	25	1714
19	2	828
19	45	92
19	42	1452
19	3	110
19	44	154
19	40	97
19	32	597
19	14	2
19	23	199
19	15	953
19	22	86
19	29	92
19	4	1117
19	12	243
19	5	378
19	43	110
40	34	1562
40	16	773
40	49	4518
40	39	30
40	35	118
40	10	3613
40	18	404
40	28	47
40	47	250
40	6	116
40	38	414
40	37	819
40	8	8997
40	7	339
40	48	255
40	20	460
40	11	224
40	27	38
40	33	726
40	36	864
40	25	1459
40	2	1284
40	42	907
40	3	110
40	44	152
40	19	1124
40	32	611
40	23	980
40	15	1753
40	22	33
40	29	818
40	4	1278
40	12	378
40	43	174
32	17	467
32	34	212
32	46	112
32	16	813
32	21	329
32	49	94
32	39	86
32	35	80
32	10	2352
32	18	3685
32	9	106
32	28	384
32	47	231
32	31	50
32	26	17
32	41	69
32	6	188
32	38	49
32	37	534
32	8	226
32	7	506
32	48	85
32	1	415
32	20	335
32	11	86
32	27	63
32	33	16
32	36	180
32	13	43
32	25	994
32	2	5468
32	45	63
32	42	355
32	3	161
32	44	33
32	19	623
32	40	98
32	14	7
32	23	1277
32	15	1361
32	22	195
32	29	40
32	4	1198
32	12	658
32	5	132
32	43	360
32	24	1
14	34	1775
14	16	3490
14	21	1848
14	49	109
14	10	816
14	18	532
14	9	481
14	28	137
14	47	704
14	31	2342
14	26	236
14	41	567
14	6	429
14	38	74
14	8	144
14	7	535
14	48	5109
14	20	780
14	30	522
14	11	3184
14	27	207
14	13	170
14	25	22
14	2	638
14	45	2887
14	42	546
14	3	594
14	44	708
14	19	474
14	32	414
14	23	332
14	15	2403
14	29	173
14	4	186
14	12	1857
14	43	277
14	24	781
23	17	1187
23	34	244
23	46	693
23	16	859
23	21	351
23	49	202
23	39	42
23	35	65
23	10	2096
23	18	2262
23	9	208
23	28	744
23	47	587
23	31	17
23	26	145
23	41	1741
23	6	378
23	38	2
23	37	120
23	8	165
23	7	1076
23	48	185
23	1	1531
23	20	491
23	30	2
23	11	61
23	27	297
23	33	18
23	36	257
23	13	14
23	25	452
23	2	977
23	45	57
23	42	976
23	3	470
23	44	56
23	19	499
23	40	11
23	32	628
23	14	93
23	15	2317
23	22	55
23	29	23
23	4	1044
23	12	147
23	5	94
23	43	234
23	24	55
15	17	238
15	34	608
15	46	533
15	16	1445
15	21	906
15	49	62
15	39	27
15	35	48
15	10	933
15	18	641
15	9	96
15	28	455
15	47	185
15	31	191
15	26	417
15	41	206
15	6	797
15	38	82
15	37	195
15	8	198
15	7	350
15	48	135
15	1	205
15	20	419
15	30	80
15	11	125
15	27	196
15	33	3
15	36	106
15	13	633
15	25	479
15	2	578
15	45	39
15	42	310
15	3	1082
15	44	277
15	19	334
15	40	16
15	32	243
15	14	32
15	23	375
15	22	214
15	29	17
15	4	494
15	12	464
15	5	72
15	43	198
15	24	61
22	17	203
22	34	1742
22	46	166
22	16	4859
22	21	996
22	49	82
22	35	151
22	10	996
22	18	300
22	9	1949
22	28	208
22	47	228
22	31	171
22	26	249
22	41	52
22	6	151
22	38	290
22	37	332
22	8	212
22	7	137
22	48	278
22	1	223
22	20	391
22	30	671
22	11	563
22	27	2035
22	33	163
22	36	38
22	13	101
22	25	769
22	2	223
22	45	112
22	42	334
22	3	343
22	44	1412
22	19	289
22	32	147
22	14	44
22	23	73
22	15	1596
22	29	112
22	4	869
22	12	1646
22	5	20
22	43	413
22	24	439
29	17	286
29	34	1057
29	16	1665
29	21	1151
29	49	1319
29	10	3709
29	18	329
29	9	846
29	28	567
29	47	347
29	31	180
29	41	230
29	38	1737
29	37	481
29	8	4422
29	7	55
29	48	151
29	30	284
29	27	259
29	33	3518
29	36	463
29	13	391
29	25	3091
29	2	902
29	42	89
29	44	195
29	19	1078
29	40	148
29	32	398
29	23	259
29	15	908
29	22	220
29	4	407
29	12	1103
29	5	14
29	43	207
4	17	231
4	34	385
4	46	150
4	16	2147
4	21	881
4	49	342
4	39	96
4	35	1193
4	10	3049
4	18	1262
4	9	68
4	28	441
4	47	202
4	31	122
4	26	549
4	41	214
4	6	413
4	38	90
4	37	2625
4	8	715
4	7	366
4	48	234
4	1	98
4	20	425
4	30	61
4	11	184
4	27	160
4	33	101
4	36	579
4	13	127
4	25	1172
4	2	3399
4	45	19
4	42	770
4	3	118
4	44	181
4	19	1388
4	40	110
4	32	1066
4	14	174
4	23	960
4	15	2220
4	22	280
4	29	83
4	12	773
4	5	762
4	43	254
4	24	16
12	17	162
12	34	1864
12	46	110
12	16	4654
12	21	1242
12	49	99
12	39	17
12	35	154
12	10	639
12	18	589
12	9	1624
12	28	434
12	47	270
12	31	182
12	26	373
12	41	219
12	6	215
12	38	117
12	37	176
12	8	186
12	7	432
12	48	273
12	1	120
12	20	266
12	30	758
12	11	75
12	27	815
12	33	20
12	36	91
12	13	224
12	25	500
12	2	628
12	45	167
12	42	578
12	3	439
12	44	3069
12	19	309
12	40	10
12	32	772
12	14	28
12	23	408
12	15	1481
12	22	747
12	29	50
12	4	712
12	43	243
12	24	204
5	17	628
5	34	17
5	46	163
5	16	484
5	21	59
5	39	95
5	35	115
5	10	1791
5	18	804
5	28	95
5	47	16
5	31	87
5	26	75
5	41	1200
5	6	199
5	38	9
5	37	1404
5	8	119
5	7	302
5	48	367
5	1	241
5	20	155
5	27	266
5	36	208
5	13	13
5	25	146
5	2	2696
5	45	36
5	42	4335
5	3	20
5	19	2545
5	32	371
5	23	1050
5	15	1258
5	22	23
5	29	83
5	4	4660
5	12	139
5	43	37
5	24	57
43	17	40
43	34	1034
43	46	142
43	16	1121
43	21	707
43	49	14
43	39	24
43	35	50
43	10	1344
43	18	603
43	9	95
43	28	2617
43	47	570
43	31	499
43	26	76
43	41	33
43	6	112
43	38	125
43	37	131
43	8	145
43	7	962
43	48	3542
43	1	87
43	20	261
43	30	20
43	11	93
43	27	131
43	33	31
43	36	188
43	13	173
43	25	344
43	2	297
43	45	77
43	42	484
43	3	202
43	44	221
43	19	218
43	32	217
43	14	94
43	23	269
43	15	1349
43	22	94
43	4	298
43	12	370
43	5	54
43	24	182
24	17	527
24	34	4583
24	46	58
24	16	2405
24	21	9314
24	35	437
24	10	695
24	18	617
24	9	2659
24	28	326
24	47	1055
24	31	511
24	26	525
24	41	499
24	6	430
24	38	139
24	37	375
24	7	200
24	48	72
24	20	1217
24	30	2664
24	11	1999
24	27	616
24	13	1187
24	25	549
24	2	1158
24	45	1620
24	42	233
24	3	805
24	44	3235
24	19	245
24	14	4056
24	23	223
24	15	2827
24	22	6437
24	29	49
24	4	252
24	12	2374
24	43	27
