O	D	Flow
17	34	274
17	46	117
17	16	762
17	21	640
17	49	42
17	39	103
17	35	101
17	10	1926
17	18	3132
17	9	11
17	28	345
17	47	249
17	31	167
17	26	56
17	41	584
17	6	580
17	38	50
17	37	132
17	8	43
17	7	752
17	48	100
17	1	1217
17	20	516
17	30	61
17	11	86
17	27	39
17	33	22
17	36	34
17	13	157
17	25	379
17	2	928
17	45	10
17	42	510
17	3	232
17	44	36
17	19	290
17	40	27
17	32	437
17	14	29
17	23	1953
17	15	2099
17	22	132
17	4	480
17	12	329
17	5	49
17	43	155
17	24	54
34	17	214
34	46	150
34	16	3819
34	21	960
34	49	91
34	39	10
34	35	77
34	10	791
34	18	882
34	9	216
34	28	590
34	47	134
34	31	333
34	26	199
34	41	47
34	6	73
34	38	45
34	37	239
34	8	146
34	7	702
34	48	367
34	1	78
34	20	400
34	30	54
34	11	206
34	27	781
34	33	26
34	36	127
34	13	1012
34	25	543
34	2	798
34	45	80
34	42	446
34	3	274
34	44	984
34	19	463
34	40	14
34	32	337
34	14	57
34	23	358
34	15	2111
34	22	1156
34	29	18
34	4	367
34	12	1665
34	5	1
34	43	241
34	24	31
46	17	172
46	34	587
46	16	1156
46	21	451
46	49	53
46	35	34
46	10	1008
46	18	684
46	9	88
46	28	863
46	47	283
46	31	230
46	26	408
46	41	113
46	6	1095
46	38	3
46	37	136
46	8	68
46	7	274
46	48	211
46	1	749
46	20	2185
46	30	299
46	11	88
46	27	183
46	33	61
46	36	58
46	13	85
46	25	402
46	2	248
46	45	15
46	42	227
46	3	2277
46	44	175
46	19	97
46	40	58
46	32	77
46	14	27
46	23	1946
46	15	4738
46	22	58
46	4	394
46	12	357
46	43	200
46	24	240
16	17	59
16	34	1504
16	46	135
16	21	686
16	49	71
16	39	14
16	35	95
16	10	785
16	18	306
16	9	543
16	28	407
16	47	256
16	31	66
16	26	165
16	41	113
16	6	140
16	38	40
16	37	228
16	8	323
16	7	276
16	48	140
16	1	119
16	20	277
16	30	138
16	11	94
16	27	1207
16	33	61
16	36	202
16	13	175
16	25	634
16	2	570
16	45	102
16	42	286
16	3	182
16	44	1273
16	19	279
16	40	61
16	32	193
16	14	91
16	23	200
16	15	1605
16	22	432
16	29	31
16	4	368
16	12	1333
16	5	14
16	43	120
16	24	59
21	17	351
21	34	2282
21	46	453
21	16	4461
21	49	65
21	39	25
21	35	197
21	10	2149
21	18	887
21	9	681
21	28	921
21	47	301
21	31	402
21	26	1046
21	41	109
21	6	280
21	38	151
21	37	388
21	8	330
21	7	534
21	48	752
21	1	178
21	20	761
21	30	399
21	11	805
21	27	1517
21	33	91
21	36	195
21	13	637
21	25	553
21	2	716
21	45	177
21	42	571
21	3	619
21	44	567
21	19	496
21	40	75
21	32	312
21	14	228
21	23	324
21	15	3567
21	22	824
21	29	122
21	4	827
21	12	1509
21	5	82
21	43	374
21	24	758
49	17	94
49	34	204
49	16	1660
49	21	503
49	39	48
49	35	321
49	10	3148
49	18	620
49	28	520
49	47	115
49	31	41
49	26	115
49	41	223
49	6	113
49	38	472
49	37	483
49	8	2557
49	7	219
49	48	260
49	1	40
49	20	118
49	27	193
49	33	824
49	36	1489
49	25	4852
49	2	1617
49	42	693
49	3	27
49	44	99
49	19	1101
49	40	893
49	32	959
49	23	563
49	15	661
49	22	79
49	29	234
49	4	942
49	12	366
49	5	11
49	43	78
49	24	53
39	17	22
39	34	846
39	16	513
39	21	798
39	49	483
39	35	391
39	10	4003
39	18	1041
39	9	131
39	28	125
39	31	99
39	41	583
39	38	116
39	37	5701
39	8	1653
39	7	75
39	48	136
39	1	71
39	20	65
39	11	11
39	27	540
39	36	1612
39	25	1257
39	2	1239
39	45	174
39	42	424
39	44	88
39	19	9315
39	32	484
39	23	677
39	15	310
39	29	14
39	4	2202
39	12	985
39	5	376
39	43	419
39	24	250
35	17	543
35	34	520
35	16	9811
35	21	1241
35	49	595
35	39	454
35	10	870
35	18	1549
35	28	1431
35	47	359
35	26	7
35	41	73
35	6	143
35	38	178
35	37	32826
35	8	2042
35	7	640
35	48	742
35	20	244
35	30	67
35	11	14
35	27	358
35	33	146
35	36	952
35	13	198
35	25	6333
35	2	3141
35	42	1676
35	3	51
35	44	86
35	19	4804
35	32	463
35	23	463
35	15	1880
35	22	720
35	29	375
35	4	14517
35	12	2073
35	5	413
35	43	210
10	17	675
10	34	406
10	46	72
10	16	1173
10	21	590
10	49	314
10	39	63
10	35	56
10	18	2243
10	9	87
10	28	501
10	47	430
10	31	188
10	26	126
10	41	301
10	6	210
10	38	145
10	37	369
10	8	548
10	7	690
10	48	167
10	1	213
10	20	316
10	30	57
10	11	98
10	27	277
10	33	118
10	36	431
10	13	49
10	25	1342
10	2	1602
10	45	59
10	42	755
10	3	201
10	44	155
10	19	815
10	40	191
10	32	702
10	14	27
10	23	928
10	15	1609
10	22	49
10	29	78
10	4	852
10	12	491
10	5	125
10	43	262
10	24	7
18	17	2148
18	34	506
18	46	173
18	16	982
18	21	452
18	49	147
18	39	17
18	35	144
18	10	3727
18	9	42
18	28	424
18	47	405
18	31	237
18	26	239
18	41	254
18	6	324
18	38	119
18	37	609
18	8	354
18	7	556
18	48	215
18	1	763
18	20	270
18	30	10
18	11	56
18	27	119
18	33	69
18	36	297
18	13	39
18	25	1088
18	2	1622
18	45	5
18	42	589
18	3	207
18	44	125
18	19	504
18	40	88
18	32	1218
18	14	24
18	23	1620
18	15	1554
18	22	213
18	29	7
18	4	836
18	12	516
18	5	62
18	43	172
9	17	68
9	34	2323
9	46	338
9	16	3275
9	21	1737
9	35	93
9	10	791
9	18	1062
9	28	390
9	47	22
9	31	585
9	26	31
9	41	18
9	38	104
9	37	202
9	8	426
9	7	125
9	48	121
9	20	450
9	30	697
9	11	392
9	27	1895
9	36	186
9	13	353
9	25	633
9	2	56
9	45	499
9	42	384
9	3	196
9	44	2587
9	19	257
9	40	19
9	32	237
9	14	25
9	23	327
9	15	1476
9	22	3924
9	4	62
9	12	5800
9	5	69
9	43	151
9	24	349
28	17	187
28	34	1024
28	46	176
28	16	2122
28	21	833
28	49	54
28	39	67
28	35	213
28	10	2240
28	18	941
28	9	27
28	47	2310
28	31	1017
28	26	222
28	41	417
28	6	143
28	38	11
28	37	204
28	8	180
28	7	1088
28	48	571
28	1	204
28	20	1781
28	30	65
28	11	126
28	27	214
28	33	75
28	36	196
28	13	101
28	25	538
28	2	470
28	45	23
28	42	757
28	3	153
28	44	321
28	19	394
28	40	16
28	32	306
28	14	13
28	23	968
28	15	2051
28	22	141
28	29	103
28	4	509
28	12	692
28	5	15
28	43	2109
28	24	12
47	17	344
47	34	507
47	46	271
47	16	779
47	21	413
47	49	80
47	39	6
47	35	106
47	10	1777
47	18	498
47	9	25
47	28	2552
47	31	208
47	26	215
47	41	1530
47	6	49
47	38	14
47	37	283
47	8	170
47	7	1377
47	48	376
47	1	294
47	20	313
47	30	47
47	11	25
47	27	129
47	33	46
47	36	132
47	13	176
47	25	399
47	2	659
47	45	11
47	42	1502
47	3	195
47	44	112
47	19	550
47	40	37
47	32	441
47	23	712
47	15	1428
47	22	124
47	4	235
47	12	175
47	5	73
47	43	341
47	24	2
31	17	199
31	34	1089
31	46	56
31	16	1325
31	21	966
31	35	5
31	10	1103
31	18	343
31	28	2812
31	47	580
31	26	674
31	41	177
31	6	150
31	37	121
31	8	105
31	7	626
31	48	1868
31	1	86
31	20	1807
31	30	81
31	11	2809
31	27	108
31	33	21
31	36	7
31	13	154
31	25	652
31	2	311
31	45	207
31	42	536
31	3	414
31	44	174
31	19	188
31	40	21
31	32	49
31	14	789
31	23	106
31	15	1937
31	22	25
31	29	25
31	4	488
31	12	275
31	5	57
31	43	960
31	24	162
26	17	222
26	34	861
26	46	694
26	16	1788
26	21	2287
26	10	1160
26	18	1792
26	28	416
26	47	546
26	31	995
26	41	367
26	6	199
26	37	155
26	8	237
26	7	503
26	48	229
26	1	100
26	20	7595
26	30	91
26	11	803
26	27	84
26	36	429
26	13	46
26	25	474
26	2	546
26	45	33
26	42	745
26	3	2805
26	44	446
26	19	154
26	32	283
26	14	114
26	23	617
26	15	4004
26	22	126
26	29	20
26	4	952
26	12	773
26	5	139
26	43	152
26	24	36
41	17	484
41	34	383
41	46	274
41	16	770
41	21	493
41	49	50
41	39	4
41	35	64
41	10	2192
41	18	499
41	9	60
41	28	670
41	47	2537
41	31	104
41	26	37
41	6	99
41	38	9
41	37	201
41	8	208
41	7	888
41	48	80
41	1	182
41	20	356
41	30	15
41	11	110
41	27	121
41	33	10
41	36	70
41	13	43
41	25	273
41	2	343
41	45	5
41	42	3466
41	3	306
41	44	28
41	19	479
41	32	548
41	23	2950
41	15	1473
41	22	239
41	4	621
41	12	88
41	5	203
41	43	197
6	17	494
6	34	465
6	46	613
6	16	1106
6	21	469
6	49	153
6	39	15
6	35	98
6	10	1370
6	18	1365
6	9	60
6	28	225
6	47	261
6	31	70
6	26	124
6	41	257
6	38	97
6	37	84
6	8	202
6	7	353
6	48	80
6	1	1734
6	20	410
6	30	48
6	11	56
6	27	95
6	33	10
6	36	63
6	13	189
6	25	303
6	2	747
6	45	45
6	42	176
6	3	512
6	44	312
6	19	224
6	40	60
6	32	343
6	14	269
6	23	559
6	15	6144
6	22	67
6	29	31
6	4	579
6	12	514
6	5	33
6	43	224
6	24	28
38	17	41
38	34	145
38	16	1931
38	21	335
38	49	469
38	35	91
38	10	2217
38	18	98
38	9	202
38	28	129
38	31	40
38	26	17
38	37	147
38	8	3071
38	7	257
38	48	122
38	1	171
38	30	112
38	27	61
38	33	2959
38	36	190
38	25	1207
38	2	759
38	42	276
38	3	35
38	44	152
38	19	866
38	40	326
38	32	386
38	14	66
38	23	439
38	15	485
38	22	113
38	29	467
38	4	850
38	12	422
38	5	29
38	43	677
37	17	132
37	34	183
37	46	236
37	16	1876
37	21	567
37	49	164
37	39	1618
37	35	1798
37	10	3138
37	18	668
37	9	50
37	28	445
37	47	181
37	31	96
37	26	103
37	41	234
37	6	125
37	38	14
37	8	447
37	7	244
37	48	155
37	1	157
37	20	310
37	30	31
37	11	77
37	27	226
37	33	138
37	36	799
37	13	155
37	25	1410
37	2	1809
37	45	15
37	42	733
37	3	163
37	44	229
37	19	3300
37	40	42
37	32	543
37	14	50
37	23	248
37	15	1625
37	22	187
37	29	46
37	4	4246
37	12	435
37	5	782
37	43	99
37	24	18
8	17	65
8	34	347
8	46	14
8	16	2445
8	21	405
8	49	1749
8	39	57
8	35	389
8	10	2654
8	18	413
8	28	437
8	47	139
8	31	41
8	26	60
8	41	80
8	6	51
8	38	1103
8	37	414
8	7	258
8	48	186
8	1	26
8	20	295
8	30	4
8	11	25
8	27	122
8	33	3168
8	36	378
8	13	50
8	25	2153
8	2	1108
8	45	19
8	42	441
8	3	36
8	44	119
8	19	885
8	40	1738
8	32	380
8	23	161
8	15	802
8	22	94
8	29	579
8	4	509
8	12	537
8	5	28
8	43	95
7	17	182
7	34	566
7	46	96
7	16	1156
7	21	266
7	49	37
7	39	44
7	35	81
7	10	1922
7	18	526
7	9	63
7	28	1082
7	47	839
7	31	63
7	26	37
7	41	160
7	6	200
7	38	22
7	37	137
7	8	275
7	48	467
7	1	42
7	20	252
7	30	75
7	11	90
7	27	202
7	33	10
7	36	168
7	13	49
7	25	309
7	2	541
7	45	71
7	42	1145
7	3	25
7	44	164
7	19	332
7	40	19
7	32	268
7	14	25
7	23	655
7	15	704
7	22	60
7	29	35
7	4	299
7	12	384
7	5	80
7	43	500
7	24	9
48	17	75
48	34	1274
48	46	145
48	16	1345
48	21	784
48	49	28
48	39	8
48	35	78
48	10	1367
48	18	465
48	9	62
48	28	949
48	47	251
48	31	1227
48	26	121
48	41	103
48	6	15
48	38	43
48	37	131
48	8	325
48	7	211
48	1	59
48	20	300
48	30	170
48	11	487
48	27	303
48	33	7
48	36	160
48	13	55
48	25	354
48	2	497
48	45	2487
48	42	244
48	3	194
48	44	167
48	19	292
48	32	156
48	14	630
48	23	175
48	15	1565
48	22	308
48	29	13
48	4	361
48	12	573
48	5	28
48	43	3570
48	24	85
1	17	2609
1	34	421
1	46	1395
1	16	1103
1	21	363
1	35	52
1	10	1417
1	18	1538
1	9	87
1	28	806
1	47	214
1	31	54
1	26	184
1	41	165
1	6	3015
1	38	22
1	37	269
1	8	15
1	7	611
1	48	191
1	20	516
1	30	78
1	27	268
1	36	26
1	13	140
1	25	253
1	2	576
1	45	124
1	42	191
1	3	514
1	44	122
1	19	540
1	40	55
1	32	382
1	14	4
1	23	2954
1	15	3747
1	22	120
1	4	354
1	12	81
1	5	115
1	43	285
20	17	89
20	34	850
20	46	1106
20	16	1120
20	21	618
20	49	262
20	39	25
20	35	76
20	10	1444
20	18	656
20	9	199
20	28	2644
20	47	210
20	31	738
20	26	3537
20	41	269
20	6	159
20	38	107
20	37	41
20	8	412
20	7	694
20	48	285
20	1	474
20	30	14
20	11	315
20	27	407
20	33	33
20	36	124
20	13	100
20	25	657
20	2	719
20	42	411
20	3	525
20	44	268
20	19	153
20	40	25
20	32	548
20	14	62
20	23	625
20	15	2273
20	22	338
20	4	435
20	12	488
20	43	360
20	24	46
30	17	234
30	34	2314
30	46	112
30	16	2668
30	21	641
30	10	717
30	18	57
30	9	891
30	28	177
30	47	182
30	31	420
30	26	321
30	41	160
30	6	329
30	37	74
30	8	140
30	7	117
30	48	400
30	1	399
30	20	313
30	11	196
30	27	407
30	36	51
30	13	933
30	25	567
30	2	411
30	45	1017
30	42	417
30	3	564
30	44	953
30	19	67
30	40	401
30	32	480
30	14	206
30	23	201
30	15	617
30	22	1941
30	29	19
30	4	215
30	12	4363
30	5	24
30	43	422
30	24	1306
11	17	87
11	34	976
11	46	247
11	16	1262
11	21	2370
11	49	80
11	10	515
11	18	339
11	9	268
11	28	1195
11	47	270
11	31	3465
11	26	1533
11	41	297
11	6	73
11	38	144
11	8	156
11	7	323
11	48	1161
11	1	519
11	20	1735
11	30	53
11	27	600
11	36	189
11	13	136
11	25	51
11	2	135
11	45	269
11	42	323
11	3	75
11	44	192
11	19	233
11	32	272
11	14	1509
11	23	268
11	15	1403
11	22	302
11	29	52
11	4	550
11	12	443
11	5	149
11	43	225
11	24	246
27	17	669
27	34	2574
27	46	147
27	16	8002
27	21	1279
27	49	47
27	35	43
27	10	1576
27	18	117
27	9	739
27	28	863
27	47	309
27	31	294
27	26	264
27	41	72
27	6	79
27	38	21
27	37	454
27	8	458
27	7	549
27	48	335
27	1	203
27	20	741
27	30	195
27	11	381
27	33	364
27	36	79
27	13	339
27	25	765
27	2	591
27	45	5
27	42	285
27	3	269
27	44	943
27	19	451
27	32	460
27	14	94
27	23	287
27	15	2558
27	22	2002
27	29	101
27	4	569
27	12	1480
27	5	10
27	43	138
27	24	120
33	17	181
33	34	428
33	46	57
33	16	901
33	21	1049
33	49	349
33	35	65
33	10	4364
33	18	722
33	28	229
33	47	51
33	31	34
33	26	250
33	41	216
33	6	441
33	38	3168
33	37	195
33	8	9206
33	7	264
33	48	54
33	1	22
33	20	231
33	30	56
33	11	49
33	27	66
33	36	85
33	13	57
33	25	1480
33	2	202
33	42	513
33	3	33
33	44	197
33	19	1271
33	40	364
33	32	751
33	14	20
33	15	473
33	29	1252
33	4	971
33	12	300
33	5	160
33	43	140
33	24	8
36	17	124
36	34	487
36	46	40
36	16	1452
36	21	581
36	49	442
36	39	450
36	35	291
36	10	3139
36	18	831
36	9	7
36	28	416
36	47	319
36	31	23
36	26	45
36	41	82
36	6	58
36	38	74
36	37	715
36	8	773
36	7	153
36	48	128
36	1	117
36	20	189
36	30	10
36	11	6
36	27	85
36	33	69
36	13	22
36	25	3933
36	2	1300
36	45	26
36	42	365
36	3	25
36	44	53
36	19	4443
36	40	262
36	32	861
36	14	15
36	23	136
36	15	839
36	22	109
36	29	78
36	4	1011
36	12	416
36	5	60
36	43	152
36	24	14
13	17	481
13	34	3085
13	46	197
13	16	2539
13	21	2254
13	49	394
13	39	21
13	35	98
13	10	1343
13	18	860
13	9	272
13	28	302
13	47	697
13	31	65
13	26	235
13	41	673
13	6	142
13	38	18
13	37	509
13	8	340
13	7	217
13	48	360
13	1	12
13	20	471
13	30	108
13	11	88
13	27	895
13	25	294
13	2	500
13	45	42
13	42	250
13	3	907
13	44	500
13	19	363
13	40	36
13	32	250
13	14	72
13	23	570
13	15	7837
13	22	851
13	29	28
13	4	1120
13	12	1030
13	43	411
13	24	3
25	17	112
25	34	289
25	46	14
25	16	1749
25	21	436
25	49	1456
25	39	181
25	35	267
25	10	3252
25	18	785
25	9	30
25	28	325
25	47	79
25	31	15
25	26	112
25	41	107
25	6	94
25	38	126
25	37	691
25	8	1162
25	7	374
25	48	167
25	1	39
25	20	78
25	30	50
25	11	33
25	27	116
25	33	210
25	36	2921
25	13	45
25	2	1379
25	45	12
25	42	671
25	3	98
25	44	127
25	19	2055
25	40	116
25	32	587
25	14	17
25	23	276
25	15	1054
25	22	90
25	29	140
25	4	643
25	12	317
25	5	27
25	43	68
25	24	5
2	17	413
2	34	431
2	46	170
2	16	1316
2	21	610
2	49	186
2	39	31
2	35	181
2	10	2266
2	18	1235
2	9	126
2	28	382
2	47	320
2	31	177
2	26	113
2	41	314
2	6	188
2	38	104
2	37	919
2	8	313
2	7	351
2	48	169
2	1	70
2	20	273
2	30	30
2	11	34
2	27	404
2	33	108
2	36	306
2	13	25
2	25	1168
2	42	764
2	3	144
2	44	93
2	19	871
2	40	26
2	32	2779
2	14	20
2	23	865
2	15	1294
2	22	122
2	29	28
2	4	2559
2	12	671
2	5	286
2	43	219
2	24	19
45	17	1163
45	34	3609
45	46	116
45	16	2944
45	21	1703
45	49	247
45	35	6
45	10	929
45	18	42
45	9	2516
45	28	762
45	47	103
45	31	439
45	26	119
45	41	174
45	6	480
45	37	430
45	8	189
45	7	1168
45	48	14012
45	1	23
45	20	666
45	30	2249
45	11	716
45	27	202
45	36	226
45	13	284
45	25	594
45	2	756
45	42	463
45	3	129
45	44	610
45	19	537
45	32	100
45	14	2319
45	15	2125
45	22	2892
45	4	294
45	12	1654
45	43	761
45	24	472
42	17	145
42	34	436
42	46	3
42	16	978
42	21	441
42	49	100
42	39	6
42	35	87
42	10	1967
42	18	812
42	9	34
42	28	577
42	47	938
42	31	84
42	26	175
42	41	1671
42	6	84
42	38	36
42	37	241
42	8	153
42	7	1055
42	48	231
42	1	30
42	20	369
42	30	22
42	11	59
42	27	200
42	33	2
42	36	156
42	13	49
42	25	674
42	2	974
42	45	2
42	3	98
42	44	74
42	19	963
42	40	8
42	32	417
42	14	9
42	23	508
42	15	1140
42	22	166
42	29	3
42	4	407
42	12	301
42	5	475
42	43	186
42	24	5
3	17	223
3	34	1235
3	46	1997
3	16	1243
3	21	1317
3	49	101
3	39	75
3	10	1557
3	18	581
3	9	57
3	28	174
3	47	431
3	31	121
3	26	1655
3	41	342
3	6	231
3	38	2
3	37	278
3	8	50
3	7	261
3	48	76
3	1	17
3	20	1587
3	30	57
3	11	241
3	27	93
3	33	65
3	36	83
3	13	160
3	25	512
3	2	320
3	45	56
3	42	238
3	44	285
3	19	172
3	32	175
3	14	26
3	23	681
3	15	5233
3	22	233
3	29	3
3	4	878
3	12	892
3	5	47
3	43	163
3	24	80
44	17	107
44	34	2582
44	46	180
44	16	4958
44	21	1051
44	49	139
44	39	25
44	35	8
44	10	779
44	18	173
44	9	932
44	28	232
44	47	161
44	31	170
44	26	80
44	41	88
44	6	63
44	38	70
44	37	45
44	8	134
44	7	542
44	48	211
44	20	333
44	30	299
44	11	205
44	27	844
44	33	32
44	36	195
44	13	131
44	25	400
44	2	429
44	45	172
44	42	206
44	3	202
44	19	319
44	32	35
44	14	17
44	23	212
44	15	898
44	22	989
44	29	83
44	4	123
44	12	6760
44	5	7
44	43	170
44	24	36
19	17	124
19	34	495
19	46	206
19	16	1262
19	21	378
19	49	255
19	39	862
19	35	142
19	10	2229
19	18	466
19	9	45
19	28	241
19	47	104
19	31	110
19	26	52
19	41	120
19	6	69
19	38	127
19	37	961
19	8	407
19	7	265
19	48	97
19	1	53
19	20	202
19	30	29
19	11	28
19	27	137
19	33	146
19	36	1730
19	13	32
19	25	1955
19	2	980
19	45	83
19	42	1225
19	3	47
19	44	88
19	40	38
19	32	544
19	14	2
19	23	365
19	15	991
19	22	77
19	29	37
19	4	1043
19	12	360
19	5	386
19	43	167
19	24	7
40	17	803
40	34	133
40	16	1670
40	21	912
40	49	1952
40	35	280
40	10	3087
40	18	610
40	28	251
40	31	149
40	41	145
40	6	45
40	38	318
40	37	541
40	8	7641
40	7	88
40	48	116
40	20	102
40	30	18
40	27	80
40	33	551
40	36	565
40	13	275
40	25	2514
40	2	221
40	42	167
40	3	204
40	44	150
40	19	999
40	32	269
40	23	44
40	15	9
40	29	409
40	4	1376
40	12	1521
40	5	86
40	43	49
32	17	377
32	34	241
32	46	96
32	16	1420
32	21	442
32	49	202
32	39	28
32	35	46
32	10	2095
32	18	3040
32	9	28
32	28	368
32	47	191
32	31	81
32	41	293
32	6	179
32	38	37
32	37	370
32	8	430
32	7	533
32	48	103
32	1	189
32	20	227
32	11	70
32	27	310
32	33	87
32	36	256
32	13	145
32	25	1203
32	2	5677
32	45	108
32	42	739
32	3	158
32	44	82
32	19	910
32	40	40
32	14	2
32	23	579
32	15	1219
32	22	250
32	29	17
32	4	1378
32	12	780
32	5	121
32	43	170
14	17	109
14	34	1670
14	16	1607
14	21	1664
14	10	874
14	18	151
14	9	160
14	28	785
14	47	426
14	31	3076
14	26	835
14	41	83
14	6	18
14	8	64
14	7	136
14	48	7153
14	20	615
14	30	583
14	11	2906
14	27	1040
14	33	256
14	13	114
14	25	143
14	2	13
14	45	1893
14	42	29
14	3	30
14	44	659
14	19	746
14	32	93
14	23	240
14	15	1716
14	29	36
14	4	565
14	12	319
14	43	166
14	24	355
23	17	1195
23	34	327
23	46	802
23	16	806
23	21	365
23	49	24
23	39	47
23	35	157
23	10	1792
23	18	2269
23	9	111
23	28	758
23	47	763
23	31	171
23	26	117
23	41	1735
23	6	258
23	38	38
23	37	145
23	8	142
23	7	551
23	48	329
23	1	1734
23	20	345
23	30	12
23	11	101
23	27	152
23	33	24
23	36	106
23	13	64
23	25	606
23	2	1254
23	45	71
23	42	913
23	3	348
23	44	166
23	19	335
23	40	43
23	32	635
23	14	39
23	15	1733
23	22	144
23	29	26
23	4	614
23	12	193
23	5	188
23	43	250
23	24	26
15	17	311
15	34	452
15	46	557
15	16	1448
15	21	891
15	49	130
15	39	40
15	35	101
15	10	1117
15	18	705
15	9	130
15	28	411
15	47	372
15	31	117
15	26	346
15	41	235
15	6	624
15	38	17
15	37	243
15	8	162
15	7	248
15	48	195
15	1	178
15	20	523
15	30	55
15	11	172
15	27	188
15	33	42
15	36	232
15	13	578
15	25	355
15	2	517
15	45	59
15	42	427
15	3	1146
15	44	249
15	19	255
15	40	34
15	32	318
15	14	40
15	23	456
15	22	230
15	29	17
15	4	551
15	12	498
15	5	76
15	43	189
15	24	34
22	17	321
22	34	2771
22	46	211
22	16	3200
22	21	1101
22	49	48
22	39	10
22	35	123
22	10	1955
22	18	484
22	9	2330
22	28	374
22	47	399
22	31	157
22	26	316
22	6	10
22	38	143
22	37	261
22	8	430
22	7	403
22	48	126
22	20	245
22	30	283
22	11	473
22	27	1422
22	33	9
22	36	86
22	13	132
22	25	107
22	2	200
22	45	79
22	42	677
22	3	65
22	44	1323
22	19	381
22	40	68
22	32	271
22	14	54
22	23	210
22	15	2944
22	29	41
22	4	684
22	12	2451
22	5	147
22	43	690
22	24	236
29	34	153
29	16	1433
29	21	754
29	49	629
29	39	94
29	35	715
29	10	4510
29	18	60
29	28	81
29	47	820
29	31	363
29	41	136
29	38	911
29	37	618
29	8	3203
29	7	528
29	48	73
29	20	365
29	30	49
29	11	20
29	27	379
29	33	3001
29	36	438
29	25	4691
29	2	839
29	42	583
29	3	59
29	44	493
29	19	2967
29	40	148
29	32	22
29	23	376
29	15	1060
29	22	326
29	4	1542
29	12	805
29	43	168
4	17	505
4	34	424
4	46	128
4	16	2500
4	21	720
4	49	155
4	39	178
4	35	887
4	10	3335
4	18	1329
4	9	72
4	28	487
4	47	220
4	31	91
4	26	121
4	41	289
4	6	244
4	38	137
4	37	2754
4	8	364
4	7	418
4	48	183
4	1	33
4	20	330
4	30	80
4	11	91
4	27	135
4	33	54
4	36	679
4	13	200
4	25	1261
4	2	3288
4	45	51
4	42	617
4	3	108
4	44	421
4	19	994
4	40	194
4	32	1037
4	14	43
4	23	1339
4	15	1823
4	22	376
4	29	75
4	12	942
4	5	636
4	43	197
4	24	99
12	17	173
12	34	1938
12	46	207
12	16	4464
12	21	899
12	49	50
12	35	27
12	10	831
12	18	356
12	9	1196
12	28	652
12	47	374
12	31	189
12	26	107
12	41	192
12	6	83
12	38	45
12	37	247
12	8	225
12	7	211
12	48	448
12	1	119
12	20	420
12	30	522
12	11	47
12	27	700
12	33	19
12	36	152
12	13	75
12	25	744
12	2	794
12	45	183
12	42	398
12	3	271
12	44	3522
12	19	430
12	40	163
12	32	191
12	14	26
12	23	240
12	15	1972
12	22	709
12	29	24
12	4	739
12	5	63
12	43	340
12	24	102
5	17	588
5	34	175
5	16	434
5	21	23
5	39	204
5	10	1203
5	18	231
5	28	71
5	47	574
5	31	302
5	41	1177
5	6	143
5	38	39
5	37	2160
5	8	88
5	7	215
5	48	24
5	1	637
5	20	49
5	30	61
5	11	90
5	36	181
5	25	221
5	2	1883
5	42	4041
5	44	141
5	19	2271
5	32	1712
5	23	548
5	15	744
5	22	78
5	29	26
5	4	2913
5	12	301
5	43	279
43	17	193
43	34	673
43	46	165
43	16	1614
43	21	605
43	49	32
43	39	51
43	35	19
43	10	1243
43	18	605
43	9	76
43	28	2119
43	47	648
43	31	520
43	26	54
43	41	276
43	6	55
43	37	155
43	8	189
43	7	601
43	48	3549
43	1	69
43	20	653
43	30	85
43	11	119
43	27	65
43	33	16
43	36	174
43	13	47
43	25	219
43	2	327
43	45	148
43	42	347
43	3	87
43	44	236
43	19	292
43	40	40
43	32	280
43	14	168
43	23	246
43	15	1285
43	22	183
43	29	18
43	4	165
43	12	363
43	5	29
43	24	3
24	17	179
24	34	1722
24	46	20
24	16	2409
24	21	8869
24	49	443
24	10	684
24	18	1088
24	9	3017
24	28	715
24	31	93
24	26	212
24	41	459
24	6	336
24	37	76
24	7	1096
24	48	367
24	1	366
24	20	913
24	30	7033
24	11	988
24	27	247
24	36	190
24	13	461
24	25	93
24	2	274
24	45	1431
24	42	428
24	3	433
24	44	392
24	14	1257
24	23	625
24	15	1637
24	22	2974
24	29	1110
24	4	526
24	12	1003
24	43	471
